1839118
4304449
4602562
626809
9708254
3449602
9494146
7479076
4019660
875069
3356672
7253936
8183744
550622
8340698
4855639
9089773
9849895
2372114
2136412
6117057
2680646
4885049
4546863
2824208
4441308
3329770
6917860
9239248
888518
706786
8887317
6668725
747406
554795
3586530
3625040
6683572
9189493
9253819
2300313
9855512
7829722
4475596
5924198
1445225
5613000
1067304
6530145
6336269
5193830
5587206
9092675
3176547
7563758
9960863
1104455
8513913
5154009
9021920
5026891
5775873
8764739
4397259
8084905
2904844
2039066
9306907
525829
6749648
227820
7472371
9507238
2121602
9361359
8184983
9600474
3399357
7147176
331569
2221477
6660191
4264949
3758642
6413451
6442759
5121187
410733
1663614
5432677
9773556
7401927
3150764
277534
7178867
7094950
114128
8879931
9796196
6511291
803539
292673
1965258
5704863
3157320
3026348
5704123
9876309
6138633
2834552
1146454
9985061
8327201
9922002
5967156
4262333
8887199
3185708
6629052
8427752
227567
2296537
2087866
8002910
9362608
4023137
9458045
3749088
3572233
1218250
4318063
5907407
9189964
9311985
579614
1906293
677360
8364250
7883344
6761173
3383125
5846805
2040464
7769499
3914972
7641653
8676898
6217927
5364486
7898700
1297204
9798155
4743579
4066613
2923912
481023
5622925
2747754
7780490
967608
7640050
8678453
7675546
2389912
9037829
3818870
471295
4600212
1644428
5604503
8928336
2577592
2733243
4291102
8631470
7471963
126065
8015922
3249710
4316099
2650767
7038700
9533413
9136154
9164380
9517481
1872909
9626593
8213486
4054436
5694641
1381136
7191969
7189428
6579153
6075195
6480022
9000032
9943467
5949000
7728859
8277162
9483867
1702027
3739925
8509997
8126760
9204448
4322819
4859357
9317373
6274214
6515701
24059
6721702
2716646
6529655
2837859
4923190
9894670
1822415
9133651
563134
2794266
1391381
600972
2997299
1154798
3768236
9312424
6117049
565312
8886961
9588764
5653333
2253258
6366771
3783596
2970596
2331841
8428183
9007649
9295543
3089155
2781850
2122899
2554422
2181012
3069580
6452811
7671520
4185477
6030176
6333002
4650672
121133
5771299
9573619
5373825
3786970
326400
6550147
5705395
6104422
8851427
5788976
7006263
1160398
2289927
8311734
1047788
8986678
9789259
9696597
5668926
2980629
2391864
5447697
5567596
1177755
9751936
2191330
7100444
7055756
6056608
1418638
3361351
103551
1037746
8421077
5965017
1196670
1806510
4215797
3773625
3768980
2989109
3176069
6141721
8698320
6597318
5858325
4108971
8207860
1064259
319245
4761374
6765853
4064229
5062285
6696036
3571766
6569579
4862082
5419763
425094
1402919
5394035
6851722
8142362
8454389
5347673
2812100
835436
2223803
2042315
7173382
7298333
8252561
7140408
4433241
6631124
5981816
571408
8877192
4509010
5282805
6134634
3876106
9233450
3944667
6822843
4542986
8714810
3360430
5032260
4936068
5843576
2146098
5506608
6336912
6416651
3796372
5748670
3725152
24986
5472465
1285224
2446331
7871358
6901282
8819081
5901751
9899262
2983647
8709759
7433545
5772284
3989071
852585
3925058
3787047
92463
383534
5126599
6805393
6787688
3432201
6854520
8692752
3324867
9897402
5010206
4114897
6584238
3056283
5961790
6298561
4238068
5472251
8879047
7894613
8287047
1000544
6276639
3010773
7478780
8213594
3077685
6595340
5957822
5478828
819630
958272
673940
1179684
1598746
5697855
9854160
8072326
2367600
5119998
6100558
8738080
7015252
2640336
154369
8283838
4164218
3728988
7706792
815966
4870235
3722086
9096184
7693268
6349430
5936513
6191726
8076268
1420938
8604500
2103473
4040528
4439419
1002662
5467984
9572907
3194034
8258608
5072540
4975255
6638679
3662773
9518977
8061648
4890379
1454342
5742161
3162916
3240243
7516457
2998467
1974448
4571428
1324483
2022949
6920103
1515930
8656102
6850956
8086247
9404307
4253504
9411539
8558250
2851627
4016848
2746155
9037234
6544618
5478190
1595149
810362
2648204
6781502
6638871
5965996
3751759
9971483
2335361
7354935
6607884
1484378
4253444
3470663
5499668
1607061
5225950
7788600
6036269
1342919
4104767
6283402
4844012
53572
3297790
2699240
5230859
7116526
1942015
7131063
1157700
9007041
9596905
3503114
7294754
6538091
6409261
4304487
9466029
4226915
2269341
5521200
3078737
4507786
7118324
7175374
1985609
8416959
6561978
947120
6995859
9044502
5880304
2819125
4045692
436565
5047221
9800188
1630611
9802707
2858353
5861310
4910886
4035633
5846974
3945597
5681649
8728438
6574680
4758239
5827795
3133561
6307075
9167659
3396546
8742066
9612127
6023862
9456574
9703410
824108
17721
7052853
9061351
9171856
6766244
5076918
8862207
292772
4168772
8771009
2884591
9531463
6715754
70329
6027615
9540031
2677159
6324214
3175224
8595615
3788097
4594214
6283972
3878657
9365997
8072364
3765182
7294730
6744145
9795127
9038130
4392867
2427467
7910257
6119951
9038822
7860570
7747076
1246636
962408
6039142
1433423
3145698
6809481
3879594
1055762
6946429
6376296
4499622
6631083
5352778
8544844
3018636
3145500
5706823
9839836
4927283
8910874
7923349
5990645
4887106
26621
6962145
4228553
2485225
5599348
9067444
9180747
1009868
7563288
1567220
9368822
5471978
5861813
2932909
2160661
5108625
1790270
1426288
3211137
4883821
7449234
2388791
1534481
1270120
2972797
8337716
1480582
3054560
6927753
4397771
5662674
1655558
6450844
9207900
4360710
511474
5332236
9900954
8431094
5853676
991550
4249318
5960519
9343694
1901280
3769438
8853016
1874316
5871319
369444
1817584
5994209
4704671
5598866
8528273
8165912
4848960
9382587
3605884
5654822
3144364
6117898
5967697
1714262
443207
9666497
8733127
8214818
2304002
5716007
2727591
9615656
1674324
9915332
6368732
2480496
5490764
9448672
2463764
347660
8469882
2237291
7609291
2618253
4634324
1449383
4375925
2959032
1891552
4870205
1499329
1113002
2496534
7946809
4556752
2972522
2335986
2407400
7571337
6768505
1613478
9976613
9250131
665162
2651706
4008257
5574427
807155
7067862
4241086
1924681
7798664
717443
224408
5028803
6042960
6401256
6814345
2357433
6200549
1085886
1708128
3556120
4781385
6327043
4781010
5670026
1573390
8031896
6747138
7056688
6386440
4324781
993787
5337805
6289529
2349769
2774872
7337108
6748153
9730726
9077819
8340844
2078272
9274633
2803990
1608347
6943024
9416757
1486905
5180106
9632166
5676145
7131630
4910819
6879043
2871476
6690730
2493601
9926001
9705532
3290537
1682036
264336
2746488
6063073
2821775
8025534
3167386
286880
194963
777457
2299252
3752344
2249635
4705394
7569354
3123244
8855712
1919003
5506791
8073233
5247790
1286882
4048373
4583631
4371458
8383230
6865572
9182662
3148950
518594
4122095
9036606
7884155
6840697
4201351
3759954
7726199
5898153
1928249
5664789
6246291
5844717
3245275
3250332
3101499
7779191
8446909
696565
28039
2349115
6071077
4590605
3349473
5079293
799950
327898
9073985
9723176
8020553
5145544
5617363
9699138
4132180
4556954
7369213
4499891
4619702
7400509
9697749
8243563
1081497
4892187
9099241
7254773
1606658
3010289
7302641
1838456
7280797
8127203
2789161
1927045
8833734
2248293
420450
9423033
6433868
1936999
7646685
5492105
4317400
8057122
58457
6379488
4000791
9591128
1665778
6943040
6002213
8663768
5961438
1187415
7819097
9085832
3106554
3813163
3428188
902003
8523569
1801058
6749448
1983612
517450
6677296
1601721
1221097
4194553
5306366
6783797
1378567
3788504
7892721
2656950
9555511
3932053
4000995
9268775
6008843
7995562
35117
2280284
8148455
2945380
4842315
9113185
7714562
6899572
3500009
4359654
1686649
1769970
9651361
4866390
9508266
3800265
7941517
9967693
96450
2280013
7456109
413348
2406255
1266224
7117500
8440078
2821655
8508349
1298824
5939623
9710750
2233702
1223852
2630738
2929095
3634310
4907741
158677
2439988
979465
9209667
8801236
9007400
296013
950977
933278
9880827
2894424
7883021
9311785
8684763
8336661
1948343
8033764
12415
3006376
4731767
2384224
5852272
39568
8405951
7973342
6971794
7301091
6187556
3510683
3593170
2521151
1673133
9679443
6632694
8472150
7029751
3606438
3161523
7163210
4200440
916187
4604194
1483142
9795104
9865106
2725116
7466698
4082956
3225293
4827196
51320
5193636
6636127
8388115
5488978
6316690
2245987
6337900
1435655
2561656
7540950
3219740
1485194
566616
4188578
3695757
5493560
6057240
9983773
5282761
1262474
9211274
8193025
3859493
603344
5235108
3081878
4121764
4060860
8223813
1141098
9195672
6499360
302209
6419075
4329176
1964599
460838
7594652
4515268
837077
6949704
6669129
7228016
9439717
1712335
2881897
1514371
3349613
838360
8186961
9379588
1628214
1616595
4819372
2112085
6646196
3958525
3462664
5654475
309116
9267497
4074887
898432
5958825
2329645
2414989
1062754
3642549
6536057
963367
6192862
7918112
6328084
8900325
2905716
819898
3871801
4028580
7569244
6035769
1824365
3609814
7751807
1416265
9162089
1652528
5683896
4130634
4161417
7369411
5806169
6146280
9457485
4960467
2040788
4351348
3159344
4001092
1137263
4041524
1816954
8928292
4328409
5138825
216333
8582616
6238000
8693074
2017353
6972852
4832710
7345214
6313926
4850778
6136080
9710035
1038740
8415701
9320237
6294876
4282414
2078763
4778420
2327584
7951422
3604462
7592635
2882485
4150761
2233419
8188968
4771072
4596815
6087225
4539344
5765492
1177518
1372636
3832879
5838839
3304052
2786472
5066017
4597626
4978821
2541674
967418
6945783
1433062
1388082
6476819
7206923
4790595
2707369
5786779
5328104
7475238
8129742
3616703
5996990
3268317
6300938
6397726
2663674
9054903
4992985
3696550
8986111
3613695
2784407
3214551
4332473
9843394
9119499
1032236
8510993
7409641
3819872
88689
6066653
5639123
6002200
7742917
9849175
734636
934945
8107458
6592757
2147837
4174108
5242482
4514708
3380436
2897868
5401072
372549
46605
4293192
4019585
9970379
8975686
5836964
9466117
8277609
6341980
686887
8964608
6979270
681334
692697
3066815
5979388
8930020
5986267
5447979
1558012
1385047
4472797
5975290
7981105
8599595
9028887
1529229
2067713
5001521
6661800
1883124
4524955
9160312
3244807
6355235
7077105
9424196
7855174
4340695
8774051
9353635
8420338
5018471
3440656
8890889
9639730
1220713
3338229
4289748
5682851
1674647
4219962
4054152
282400
9944770
6471832
4151324
8497704
6484595
8972217
1724199
3602077
7799755
4647676
7441293
8356254
8273941
7696094
8350381
2125098
700737
9508581
8435577
6195753
290291
1651745
6628301
7775305
3178399
8053253
8806059
4179626
7277083
8925298
8543099
3883227
1730118
8749786
6752385
5584236
7231513
8241564
2071709
1485181
7978349
6230743
9119520
3468053
4371897
2371509
1269795
8694637
7524422
2452743
1307420
2581018
5557007
8491947
1136058
1782577
7037563
1270036
9670797
5573947
6522393
2139484
536995
7896766
5447426
2653657
2537947
2538745
4860238
5490128
7830450
5344174
4504583
9256430
5012734
6514956
5031339
2208142
753004
7813829
9529824
2884436
1466692
4099672
9834561
4827382
4242653
7674178
9578474
2446846
6847456
1118092
2506283
7527762
4541977
5554726
2081718
6453581
2670486
4725318
8742255
2577829
7146638
8915521
4143080
8417774
7172671
2669067
82967
817265
1034173
4377923
84870
4973390
6806476
500447
7894390
2609630
4097540
9689988
3967142
3993109
6037287
5781700
9331844
3823725
3023019
6231455
9359651
637212
3809678
5783105
8303739
8357673
5029685
4623172
9567342
9845584
5969007
2677998
683821
4691830
1910227
8471959
7474913
7868558
9039509
5080731
4314558
3143850
246039
9004292
1141164
8424461
9867105
6163389
6218520
9979935
2859043
4929505
5651114
6674123
1535078
7996582
4684063
3744379
5885380
8988493
8555764
6635887
3013287
4042679
8331656
4020509
9048661
9449011
489730
4166086
7461775
7695728
7396134
5896805
9120956
6200228
5131297
9599846
3819898
7332645
3008691
4979137
7045593
7388963
9695784
4413318
7428317
2449551
4264672
1975078
1279534
6619117
4266145
2266842
1991169
5559602
9405561
3669957
7594280
1501500
8972251
6014061
5000822
1032553
9085235
5150798
7606755
8420808
893277
3092607
8213228
9354622
8487974
5456596
548841
9902268
5019840
6413220
9817253
4352363
1327008
3813584
9334506
2378118
1152910
1702395
9156441
2649751
8258332
7683045
3281740
5226608
300069
9945977
6361610
8634865
4945668
9075912
9206294
3826795
4717645
349170
2785904
2311233
223588
9897978
4139669
4781562
8136749
7713327
475466
4206106
691347
5187456
5936651
4469891
6637962
8504922
8895940
5282715
7760791
1960151
6075472
3339213
5739902
4804753
428825
5083604
7280795
7392147
6503684
5494953
2101814
1059184
82596
6642835
9986343
2910527
3120022
1003997
4717223
6491671
7977171
7871012
741891
4056001
5098513
7169293
1556739
17417
5190421
8005601
6422010
9615321
5601653
1971048
6440000
1061139
9722177
6671918
602797
723635
1803512
5863312
3128851
6611088
3906708
1848188
9405430
1694774
9410360
4004941
9483574
8051498
5972448
707317
3393846
1783986
2142977
2889601
4124272
7770681
6633355
6192217
1064124
9229947
8984972
5053423
7621678
9399931
1013146
6550681
8573936
1134732
6849079
7691890
3314803
1191834
1001352
6025834
8665461
1007689
2919692
4834177
905520
3787161
154851
3038669
4008062
9420622
1369187
7198981
7447596
6028536
6298368
3939690
1104231
3987778
1160356
6737
7765031
9791043
6429883
23594
2469316
8464175
302335
9083589
1042992
1148329
3946978
532868
241464
2259838
3275341
9194160
5628251
5046424
1929274
1133310
3164997
7952876
7538102
7479009
8161104
184073
7769372
4027526
6013310
4424264
2666581
1744874
4986231
6742221
8101920
7995788
6786090
175677
2208807
2760172
1675356
6075711
5439002
8486849
7578799
557075
6497302
22841
8576453
541371
8020740
6426036
5840071
1383788
5109189
5951315
5009051
5631036
7360532
5820802
9348089
5673950
3735374
1800945
243949
8497316
7277767
6245964
4862158
650211
9555295
3038065
3556996
8810754
9283086
9652961
9044046
9889614
1133576
4242970
8378663
6755382
8970920
442457
5896921
4931708
2326414
9982449
1125419
5394813
2723764
7257893
848543
6262240
6416724
2164786
4944548
9509988
8077561
9991908
4809148
5014261
4561524
5152778
7179963
5415701
1110316
7961855
7894717
7899311
5895717
371981
2826914
1210778
9139156
4728724
7394621
8162286
1985017
6228246
2332807
6673922
5655635
1872811
2543790
4528432
907239
9861517
8189109
1938911
8919025
9084580
6672375
9557031
1520648
6922336
7228627
7997467
8517683
5192757
6923334
6433890
4397835
784464
4246964
3219471
8649443
9620341
6360831
2237640
8139510
5051985
205728
1631401
5160309
7144920
2740607
29285
9187944
2223717
1798427
9403028
5930835
7201391
1193587
7324135
8433183
7257148
1543859
821053
7573787
8346208
1155439
873617
2925322
4718283
8914589
2099969
3162116
4394074
8391993
6059533
2599452
1066379
3052659
1869654
7475918
1095518
9406076
4255801
4075266
8815035
1313334
2464246
6751073
5593638
6884547
5122911
4312472
2546545
2573042
7359421
5051109
2426210
8015268
2301095
4768707
7146386
4278016
779433
3727564
9623391
4677638
5963723
6664638
6154681
578247
1362107
3126557
3540927
8090815
7829780
897778
2989290
3071479
2143276
5624011
1257226
5216593
1845162
7534103
5632826
6641368
7122731
5585485
193478
120096
9813405
9671649
8139779
3258297
3396631
6358872
3257005
2073250
9936910
7281355
2142198
352292
4911056
8379900
1910626
6478624
9692595
3732792
2733349
203924
1028769
1499355
7319204
3927869
7445903
1192709
8344245
5331098
6560282
4363264
2674248
6215592
8818549
7334370
4922794
7501700
287309
5936739
5226799
8675392
4894594
1145669
315474
9092869
9914859
449330
8464047
1808102
4346462
4888573
1342278
6663152
5388017
9561941
5767428
8739117
3354813
3779406
8960472
7682034
2448735
9447424
3194882
4836942
8961993
4381198
621038
1358850
4984427
8190271
5167932
4413690
9067308
5615985
5086853
175024
4383955
6092572
3819354
7264168
5423279
24764
9074202
3351475
1810189
8182855
35404
9088707
3244441
7485483
2796920
3686941
4757241
7867777
760913
3585524
3838679
2269050
8976076
8136959
1259925
495021
1339746
8758841
7778205
9685027
4423607
1162887
9836064
6198834
7641749
1048706
656181
7658863
7848233
9899646
45572
2587780
2372395
2464069
9346817
4494088
8121661
7771100
4609186
6935221
8835182
877305
6151488
7088634
1930744
7429117
7710761
4850269
4876448
8876721
1890861
7384249
6946968
3235236
4188803
5659499
1121253
6930174
5191702
757307
8714562
3394901
51700
6344273
7260823
4028890
6437615
8679822
4230996
8042879
667750
998603
6067205
8110508
1513530
6381261
4834226
9339841
2931657
3788370
1276977
2623014
5881094
6857350
3230947
562750
416337
1128189
4039635
3197085
7867506
6263428
4282319
3542640
520870
712806
2284761
8100117
9407272
9845504
5964639
2009699
2032146
6493079
1251220
3987214
3104511
8082698
6289450
6985944
3262336
5378453
8392413
6309127
486711
723578
2645501
1520026
5834964
7040367
3871586
4312209
1740396
5547412
2886726
3277535
2971618
7468275
2539730
5795361
7960822
442584
4848914
1162994
4035272
4267858
7854684
7777885
2736031
8783598
8309207
9331741
5715436
5840039
3654053
5515036
3029046
3299377
943395
3664739
8944030
5430703
6675767
8921957
5821281
5048397
4766554
7822428
4056779
4792304
8198842
892944
8762723
4630792
2361083
4020939
6362415
5997458
7704343
1827299
6004275
533268
3951833
590161
1828829
6487981
9447006
6713629
8789550
7397609
7714153
5523683
8274990
5639751
2650326
9555248
8196062
6414618
8705620
7099162
9513416
7367676
1357533
6890555
1689666
7786003
6507047
8062809
8324405
1389021
7640047
9849223
1885535
4026756
6517640
6364735
1070684
1238465
5850823
2859197
7010393
4823077
8714737
1988198
9608853
3735424
1186063
8978072
2788399
3336453
3678335
725334
155658
5385903
6245985
8757817
6678820
9426069
3829995
1122917
8435044
3742050
753654
9687174
7456748
3306834
9223060
7573290
3662497
906189
503084
2969260
589434
5838586
5226770
1056414
5507133
5778168
9200220
5317477
9916232
4112032
6848217
1244775
5201868
2257958
4154723
3468562
2338605
5657229
7486405
8667582
2302577
620496
83807
3394236
6179887
8972520
7958621
1109714
8283150
9278841
8169628
4200494
4379856
5664196
3855628
3785397
1413691
1030536
9736854
3245022
5307043
6530406
7094434
5048855
6981328
1805335
9983640
3525277
367283
3866284
3897522
7159638
2815289
1031901
6469592
2290288
4175784
2334599
4312402
8434308
1111695
725038
1621382
4223210
1326782
5082013
4307677
4588333
1217063
3584602
2856911
4290042
3937080
1133144
2939981
1973285
839809
4388690
5205999
6738505
9011551
7528608
6445064
699994
1632859
8751326
2144780
6598386
1431192
7776543
6227186
2124024
6563976
4053487
8994717
4180249
1479678
4463263
7637383
4136716
6544404
3047404
2354321
4219849
8354193
3567264
7542284
4815283
1320421
9007913
6507845
8774631
5528714
9704529
8395466
8734793
5305254
1202092
8764367
7621984
890697
5523695
5692372
8883908
285676
7167738
5274697
1473574
3971765
423663
6494340
9389832
4285084
2981247
4478590
7089662
9344252
3319763
9578540
1116942
3662138
974634
790397
877333
7092085
7531444
5656425
4860067
860242
8970833
3717372
5582827
1054618
5544722
6260124
2889627
9529939
6791492
2375715
710301
9394931
3527337
1374503
5676210
4724012
5959599
2244729
4480017
8751245
8712811
4641312
3595352
3258800
8201728
9434353
6432823
4015706
8044279
9836265
3004282
9272095
4558427
846138
8055959
4889710
5290628
8428372
4786834
3050503
7646498
3780803
7863130
6793897
3819266
3332637
5422203
6252052
8975832
1701221
1381661
7971695
6375510
4060661
5938710
3984530
7179261
8013688
1731794
1546882
3952930
9032414
1537151
6259222
3448080
3384492
9625636
8738599
7644619
5289026
2863069
7182498
6636222
3038995
952991
5289514
5124408
5381373
2736288
2600678
2333616
7833064
2456266
5044207
9672787
144718
9750690
3312007
4607645
1898814
8273627
8796377
2015062
8997711
4653424
2919462
9725955
7149248
7119067
5259199
983406
198912
484961
3585885
8993471
1135944
6189493
2773045
6754582
7198695
6683907
9134453
973359
2479272
6621648
989825
8598945
6699427
3268811
4438728
904955
7863508
1515132
5822348
8258006
1650144
4550212
3695319
307526
8410093
9291132
8920637
5575804
2467338
1465747
8805969
1669676
653446
2286621
4504025
1919708
3597480
3770425
7449504
1144076
1695895
5050488
7840065
4924412
3851694
5471587
6739454
6398829
7822364
3921939
2174832
8037467
8512645
6982660
4428414
8318521
4859341
6330054
9072408
6512020
663188
6824057
4578755
8673321
6975333
4868159
167062
3326223
6111805
3773562
9348340
5738161
8040002
5941396
2615033
5765914
1175313
8922230
4335390
5153671
3806833
7378882
797742
7163545
1036732
9766456
5908414
8142587
6100224
9626181
3534894
6083489
2859060
351081
7296648
5289947
5382265
3551815
6893717
1966221
8727517
4246544
2699729
6939534
8945393
9513773
4777889
3183020
1729467
7310652
8045772
5442033
8660922
636504
935732
1595324
607258
7784325
4254741
7303057
5543358
1416790
927735
2715526
7973399
3379093
1705056
7674326
4618994
4610562
2199491
7132208
8377589
315699
4513928
372214
4766588
8706404
6354014
3854541
7535119
6416375
9269587
1158173
7925502
5999551
7529447
4315313
4348598
1944010
5691504
2250180
9382615
6505656
7655364
7092057
5970851
8056643
7348437
3769101
9994558
6161922
1526824
9199448
2063371
3538778
3873517
9607892
6380626
7004843
5237878
653452
5704963
5828682
5111856
7997368
2181154
4907276
2608092
901709
3774238
5905099
5083061
2239009
6511464
4756399
4467448
5177894
5268196
763399
8829461
5422951
9370012
747094
7820653
843497
3764021
6069247
8570726
9044340
232906
4904676
6131308
900049
8383137
9656902
4505565
6040475
3793128
5633946
2308502
4365210
8214438
5855833
990883
542461
9490735
1467987
4391757
3617857
2255184
1566889
3821113
2570411
5996610
798493
8327010
3753818
1055276
9824351
7497100
9873363
6801575
9194179
8615511
219803
6112019
4880272
601324
7972512
9180485
7138850
7658139
5645580
8611363
676435
8876283
5862625
9930606
8828891
747080
2442676
1436531
4081392
6574832
3325382
8343627
3397883
7564431
5068164
3007337
6809687
8702250
1434139
4659417
5197476
5277928
5911077
8227293
1551672
3528261
9790172
7382405
1465987
6871776
327167
7667322
7499289
3039204
6820167
5454632
1657473
1238575
7252144
5385068
3893218
3957176
138025
5424817
5922626
2605289
2294774
7799204
1087206
9831771
4864956
462192
4921851
3100969
2611334
4876811
3534220
1676520
6800813
9549937
5379703
344617
7455566
5975712
7375561
5011036
3928552
5871311
4645472
7131607
6282039
6601839
4326551
2593514
5855316
8228505
3736047
4358859
4152500
7164208
1182322
9820742
8309720
6503514
3586047
1876985
5069392
6762679
8407576
9426640
9306387
7893865
2005722
281592
1055730
6783195
9017858
7408270
6575180
2792013
9510878
1987376
8287770
5602212
1989856
1960371
502042
9379894
3144403
5643369
5686618
8568941
4761445
9439687
7783625
5966993
619345
950078
4277807
572222
5144306
6854519
6030425
8562176
5836804
5573816
5359912
4080139
9873368
8668405
6051320
7289015
2976225
7423758
3507813
1379371
2406247
3210387
6429688
7380037
1625048
9049491
502093
9928544
3203835
840189
7357484
4228998
2305510
4096502
1148244
7528537
7492247
498393
5207849
8232113
3694963
460873
9191025
4092079
6125409
5599255
3699045
3701678
9437890
982441
3006805
7237880
1891525
5916253
2539221
6468100
3022687
2654952
1277393
7562039
1356621
8309918
3437783
6154488
7606443
3586630
4516546
1281706
8965823
9042096
8201227
302249
5744596
8847493
1066285
741802
6801138
4171855
935320
4270003
1523745
476388
2710637
4882453
9911771
8278200
5517201
67722
7704079
8638935
2161532
8426413
2740914
1735345
7245535
8950915
9426526
8165372
5153192
4079296
7907607
872206
1673094
2346743
2160466
5865549
2823331
1137749
4583079
9224148
3964094
2768610
2762728
9986754
8131177
8545473
5715205
9544150
1955718
4058892
9782520
2471095
5337040
1395698
9502210
5326162
1950948
5644075
6884699
6840490
6836075
7953412
3145529
3480222
1820280
6729222
2500591
2047637
536847
7879613
3797457
3347080
152685
6516543
9626939
9344730
2476014
9929234
7817348
1291632
5726930
5680762
9533928
5653186
8527089
2707292
4872055
5280496
7016012
7364831
82454
6959480
9166260
2376076
8779071
4451452
6012221
9430012
1674843
6988447
3214124
4516536
2865072
1225203
2676918
884211
3768763
5011411
395753
2026791
3038020
9451448
8762169
9206401
3028390
7455171
6757591
1672006
8948817
2219040
7496500
9980714
7829525
6390732
6351057
6615482
52985
5790819
9231004
5947027
6432256
996836
574819
931207
2074261
5709828
6372062
8244790
6439533
290602
7629318
4675044
1317361
4378419
881250
6726648
887624
1569397
9252376
763065
4790371
3123010
7409744
2426132
2073831
4158120
5241657
424398
393566
6078892
1795556
3333926
1437972
6265754
5866585
346609
2427522
8817500
3819578
3666636
2328526
8719366
8760742
4275416
9982392
355211
6022822
9717463
6435825
2524557
9766077
3845820
9255193
7879143
1088953
2517129
7032753
6432172
7300737
3178123
853234
7820539
856565
2423210
373976
911697
5443264
9941983
8881660
1641986
462350
2547751
689195
3203210
5658783
8741944
8710920
5712270
4205391
6397608
603218
5748255
3994168
6763259
3116578
9980461
3629872
9906447
704112
6410754
2594620
5090810
1771363
8796942
4701176
2182258
2574361
1700643
1960978
1046871
7436201
4189656
5050732
3048495
1534591
6943640
4513609
6516966
5546574
1820033
2070505
3119767
4075483
6517870
9361793
1720954
5454092
671076
7139718
2800580
4243210
4872777
6858117
294031
5165472
2815459
3359421
1094839
856123
2316497
3630742
5062315
410273
8664216
4990031
605369
992492
7331771
2383993
9078233
1508362
7390019
1615348
2494093
4624837
3896437
8030402
301565
417114
5169547
6922328
7113098
6213433
5337891
2197891
9738815
9627334
8508704
3782645
9935624
9512603
6603757
9662836
9710888
6527943
5586591
163480
5707660
3004319
3684090
9337836
6864652
5395282
2464975
7454480
1311670
2219805
7439124
2463422
6886482
6158056
9534023
3500590
448084
3874647
9440651
5032546
1470374
2246261
1494183
3997702
8113953
4335159
9034404
9925673
9010595
2157131
8604395
413825
8817747
9302911
6492171
1600028
1983952
5635752
5694724
4878222
9097576
689621
8644736
742522
3238129
2863659
5108922
2121512
7465135
5791992
7994541
1161609
1562536
4515347
6704218
3802386
5782624
257844
8876390
9306921
654811
8316136
1377114
6500219
4360576
771915
3111558
1651948
5497355
7126753
4052928
9504903
7198252
7371609
1894435
4729583
3613354
7164812
8077068
9647684
4730901
5059030
6000471
3689764
9192336
4585432
2662765
1252401
2748388
7860728
4808196
4368040
9441804
8804623
617455
5850125
8926311
3578958
6523211
7737922
5953071
7292894
8664778
7544581
2405561
9059155
7348209
5403237
1981388
5873450
9294250
85497
6211247
8382501
6893721
53838
290070
6495755
7688608
7585400
9030723
6181377
3590753
2159793
2905856
5723996
8796725
4299861
5634240
4626810
7243023
9120364
9865759
9283109
2285197
7712123
9323419
3904771
1709008
2062834
1861208
4647427
5422876
5695053
4077178
888821
5375775
4886527
1272192
2836087
5600337
2887680
438
5808988
5698985
9682040
285233
8924736
1940662
7248069
3083138
2063602
5821343
3465377
4975267
6266134
8015741
810955
9247124
6368460
945672
2289497
3295205
461693
63749
2754264
716157
174804
215321
8568773
942071
6997500
2056224
4731686
1611284
473320
5980415
1725020
792547
5929319
496958
9412141
4695731
3943612
6893355
1223495
4777368
7016624
5623095
7554787
5764485
3790320
8588508
7304762
6151250
2735824
3064439
719659
6020543
4803326
7895927
4081776
4173731
3423980
3978232
8909516
9737008
5065451
8765328
850113
8514604
2113362
8166130
2379556
1809541
6537300
681359
2928882
2213941
640098
3462226
5683555
1025354
974001
666979
2911142
9254908
8584785
9028162
3980884
706219
5112712
2044338
2832500
8765977
2042832
3816433
1429361
7310104
8495091
8449539
6619386
786385
9323576
3045916
4360225
9698856
8369872
4609324
5283964
5267255
6556046
2223202
5006202
7713893
4406994
957281
8998514
1794887
412684
8460713
3253262
4051607
1320656
5812163
7400083
7085725
9772570
7031696
4136950
6645375
797398
6928348
5005583
3754918
1413656
8088413
4070873
2907603
2781224
4956363
9976238
3697382
6258611
5783211
2301003
1390818
4463703
8831129
8216204
6233275
1385647
4473512
5620104
5481123
2344562
2659894
1187055
2032243
287612
9070287
3822191
5849429
3941186
4346323
957759
2099041
829394
3383952
1510529
1401903
1695646
6403397
5155770
4877675
396160
3070758
6519374
6678638
4814267
8796511
5403427
5787343
3191248
5981404
7180121
6215818
9756084
5504535
2442655
2408097
3124330
5551508
5728608
9152723
717957
2176105
5204177
5894399
7785300
2466344
3448481
5074921
3396472
762474
2248966
4295325
6784727
9513405
1005099
4115585
8957094
1363801
2716724
2250441
4071839
7682724
5486006
7070556
6702188
5904683
9282308
4438633
5412859
9667894
5640934
4858502
4863983
1622479
8839707
2815846
4760832
6062082
8689328
3567795
1397603
1148264
6012630
2615965
7320680
6084977
9860933
4071494
61206
6046018
6825947
628438
5877619
2558000
8607887
4117239
2739614
4419370
5499268
3908096
4834154
8916781
4946043
4767242
8510860
3591021
5404918
6049358
8735449
5712403
5743937
1599402
9991424
5254704
4451383
7732961
4341553
7343944
2150423
6426525
8849244
8279206
7229262
3716734
9379913
3075025
610656
4653291
8883032
2257673
9202606
1929752
2983367
7903033
9481472
3758477
627141
5940131
950050
4856840
9861724
4486901
3714127
4892989
5060282
177628
409286
6112092
6910308
8990227
8872956
7715948
9943217
7526001
4809127
6859917
9731101
8213532
2195771
9157460
1770326
8605825
1217108
1762554
4391835
7245994
48168
2576531
8070682
8867656
6361112
8669519
1322832
3043082
4796835
2840699
2739194
8840879
7791660
634282
8369417
8054175
4628002
457785
3866683
4687987
975992
2469346
2091517
1241212
4342405
5029314
4948139
8869734
233685
3490608
2454859
5484824
6678578
1289365
5781287
2448453
9973894
7626456
5396709
6458521
1721954
9188241
6919709
8581688
9711128
1517889
3911189
7359328
3109110
9940610
2096071
8014013
6085570
9540367
571143
43974
610900
1246868
1627125
1203668
6515428
4487718
6819136
9820348
7527791
7660759
450521
1114371
9975298
8494242
8660129
2471842
9567578
9185966
337522
2402443
2930401
639221
7448268
2177984
3266880
7798089
7724246
4488245
4245883
5934930
7433650
1063139
1494879
2209554
1027588
9008232
8074263
4068883
2246232
2921003
7385585
5473094
6112901
221193
7401452
2099322
6527206
8311389
7978798
6990027
2789487
4087467
3707864
6729451
2449041
3127891
8064212
4983551
2565138
2954061
4405789
216276
897945
6595062
6461032
6786145
8598442
8226889
9115798
6064906
1980583
6474636
4685766
4799204
1711886
8906369
7369776
8561205
8126300
3327607
8274517
6636930
6294752
9087554
6741309
2941012
2675001
201291
2421088
7279993
9514067
3035467
373908
8991593
6438325
4436343
4907406
5311368
5570943
5513613
6553624
3694826
5866752
9007709
8968497
8872872
9684397
8134336
9804241
9565239
7451908
9800295
3960226
7948639
8225487
5790212
7273093
6799179
8730689
7511463
7858998
8360972
4136188
5959304
5993292
6883658
4737730
8866261
6214997
2837093
7838307
1507038
9754816
1734922
9512666
9986555
402044
4702197
577671
1909454
280616
5470881
2118359
6463472
1793084
4862726
3487647
7841607
5753756
1933583
7453810
1013841
3583659
7459582
6942194
1104866
7604538
1143194
5612286
3632231
5736799
9518411
3552647
3643268
712869
9694807
6782919
4274004
8314512
5068606
2701609
2685660
4984604
6620981
2574545
1877503
7298064
9003975
7538582
5879679
6000287
6170772
838253
9181881
2023663
8184835
1177995
198798
3369828
253377
9047236
1623500
3909553
9280923
1020699
1174292
4798514
1715611
1468303
3660031
7709228
3787250
6778936
1933497
9137689
9439912
7726509
6644203
2831808
3891653
8524875
9680077
6838232
1891782
6823827
1409518
4085935
7916693
7511176
2495433
8255688
5495004
8644004
3999302
8982841
8594015
4888219
12241
4517411
1613527
1045922
6894515
182795
3861442
9466056
6652643
3295616
6255465
3807453
6454221
3191611
8202223
7121743
1428148
9984820
9176312
1506529
99217
119855
2535513
4423236
5159907
5639241
9204595
5425401
1399046
2944212
7613396
5100582
8465619
2449848
7190563
4848778
405552
8955860
9806501
4615200
5803467
6962230
2117397
2760606
8482972
7877817
5305516
1685768
1975099
1104431
903355
7954566
2132230
3876328
7095959
2987088
361407
8257725
4647561
75621
6989959
9670268
3315006
2149604
9363292
2117537
5791860
2302168
2357637
6834590
9109611
3594560
3353745
5114979
2887350
7307664
6370638
2954795
9959433
4194590
8929118
1950031
4659079
4221109
7443198
880236
3578794
8735963
9739571
2463661
6334537
5202693
6665208
5905652
7223288
3308314
6921527
3516978
7201855
6530013
3503171
4610372
2571111
2243308
8598283
1287404
400884
8096002
4555650
2580493
7005743
2394101
4230030
4064340
4156815
3995937
9468995
1859499
9161581
4873483
5511495
2541138
4864974
1680185
3988493
9466378
7419943
3088692
3334589
2823395
2022784
1672967
6839644
3157797
4097244
6011769
1375151
3337074
6623265
9209918
9641670
605633
1019152
4383030
9386384
6374267
8554939
2534440
8057992
8927082
4175498
410233
9364477
1661849
8893403
6929656
804425
1878162
1963170
2830772
3995740
4234795
3280563
3225109
617354
7079001
5403050
1760027
9182015
3348420
5797442
1742200
3212558
4659410
9255123
5976423
16201
5670473
4523278
8783764
4940762
714819
7710429
4138736
420115
8005163
2790546
8522537
3090959
8315570
7933519
4231661
6403645
5974658
7158273
6696312
3375717
8540280
8810247
1564147
2390340
4668730
6956110
4886258
2418776
8000891
5172877
1685427
5502687
3400649
6994227
6278410
9157678
3925987
4857644
8479124
2995946
7188626
9219700
2219042
906950
8120241
3707027
9790496
8242883
6182256
9057101
668937
685303
7315670
8705149
7991962
404106
2948876
1102222
7124254
6457898
9489622
1208065
4408339
4124417
8894375
2613507
9544868
2329862
1566378
6085734
2968514
3828699
8451900
2704516
8650235
6728638
4974982
1882456
3449851
2159537
9965122
7429269
8958713
4008885
8424552
1096937
2071845
7463138
6749663
9403838
5395060
5557729
6265145
8741405
975466
3269804
6575043
3895237
9154918
6395575
8954826
2070896
7977012
4090263
3448542
5365587
3500443
8390062
8300746
3911469
5151885
2845005
6050308
4230119
9243531
5018504
7007235
65180
9188673
2769426
7830336
5914485
8489148
1162478
290919
3728528
3928118
7312025
2115056
2445403
503693
1473353
5054519
3759183
798385
5886963
7995928
98490
8247289
6372896
4985374
5247871
6074705
4531507
6412570
2543208
1773655
1449375
7702724
5773692
6498255
8045549
6732235
6348903
5105373
7076033
439267
9839956
6451011
6845152
4743913
4771677
2584121
5484233
1516070
4470537
8311170
5819769
6415916
384579
430772
3516684
6989411
1473770
591200
1975169
1111810
4636222
3077736
6940551
9850707
3128882
4268195
7924303
5705887
7371945
6666883
3336761
160429
3115823
1181189
8605460
1540278
4217109
8436654
5512111
1231989
7317518
1165864
7772493
3817759
992119
9500182
8888507
1183960
5822702
1249114
6716581
8400313
8067568
104175
5617450
188102
5485426
1954314
7999532
6795018
8470079
2167248
8882072
1085254
9465303
7879714
803835
2461090
607443
7366044
9207039
1741995
6674802
2255123
5538617
8802248
7131207
172437
9391673
3447416
8195537
3276706
9882154
341685
8405691
7634782
6099468
6531233
7022762
172406
6083474
6100176
2802865
2580697
5251045
7730276
3066489
1819665
7751467
4638640
627727
6803588
6054822
9704636
8661051
7852519
3302880
8779441
1188871
1027717
2162157
3930913
7975278
7491508
669010
4890867
5424825
544719
2678427
4090531
1334730
8687179
7143115
7755735
6959546
6725885
2601725
4244177
9124447
3710418
7436129
8282639
8293952
394270
5748841
8012571
2890403
4809035
6039695
5296862
3825180
8876722
3734050
7841281
1864236
7880213
9763057
3589688
1955638
6138862
9775228
6750853
6400529
5352025
1562976
6243898
6282729
1521295
2896273
4330167
2608391
1480228
5314349
3739871
5652530
4854712
4850850
1431436
6286104
5330576
5482731
5481150
1028131
966554
753750
6581446
4317638
722245
7648462
9423576
8058418
7452297
9757534
7397307
3911637
9089384
9903198
4970068
1109674
7209017
601128
5509126
4144102
9831213
1978869
8956391
1185208
6638299
8235014
5540856
3918225
21723
5628403
9058682
1646339
8868799
7999168
7506279
6665721
3472387
7630788
9754296
1962226
4981033
1167661
4712194
6807378
7422124
6058655
8184407
899550
8183222
8380226
2230956
120214
2012621
7033418
8596262
2683469
9426414
4132755
3748439
2225486
4154901
2157480
9176759
8733906
129376
2159737
5489448
3865781
637929
3214058
497472
1324520
3662
7948386
6870558
6981923
3177512
1899781
7581194
8067719
5120384
7608981
6922236
7762708
9058442
9985049
5163220
7523784
7356183
7728564
1547056
4039628
3253248
9442345
4432969
7830783
5180598
4255583
7708607
9788275
127052
6175539
4319468
5976946
1302804
8127693
7617425
9382665
373704
9273714
3333249
3263085
9754128
5836132
2360335
8798243
9024856
4788279
6015917
4715985
6951918
9780312
649858
7014406
818679
5337844
8688476
2058661
9753933
8746402
5039832
8833650
8571568
7382076
6331752
3508176
1282686
9648716
8883166
8241094
9584840
996770
532924
6235814
8204997
1032283
8695438
2121738
6221231
8836033
3946647
7165529
5751725
8454161
4564182
6182282
4985886
4046634
9354137
2434289
9555281
1521610
6759259
1392547
9241346
1274874
4486852
2550880
9575624
4649568
5320856
8126837
3069740
1645346
3018613
1821476
6717414
5174724
288588
2161876
9677986
506734
6194399
5344388
3726801
6580840
2594488
8816704
2096852
1377587
6494011
9310318
6436290
961942
9665586
6206325
814955
4330637
1672340
6881595
5225556
2104892
1311623
3030605
8515831
2026804
8681222
9370968
2157703
487146
9493083
6571689
2267078
4875948
5332515
2965864
5521985
1719570
3765857
9646018
4259071
7622114
6010891
8813741
4164302
8405718
9958979
9646782
8058530
5762097
5661545
8333808
8011248
6636404
2797316
4056104
9987893
4095009
1825854
4184640
9373726
8431625
7782753
76601
3787527
8256669
6910278
4570488
6693256
1313743
753685
8467177
121515
8599577
3716327
7620151
159214
403714
3487430
5060946
3679691
1214460
751831
7090265
7450659
7127913
9022280
4353097
5014587
6167882
2353750
3990742
9859189
8416929
2938100
1245382
2858031
3359368
3167575
749920
3355602
7543056
323879
8482913
4094464
7639061
1234404
9092414
8215413
5042774
5758766
5593410
9873430
762017
5474406
7008846
8959287
8657841
7428950
2583019
2638756
1197037
7230488
4734788
1584382
9915771
8520444
5888104
2084389
2726870
6762675
6855548
3287562
3195029
6363343
4079715
1641257
9905225
7632055
5184834
3889446
8382578
3045001
2580021
3663179
6180272
3470713
3749670
5453860
5179300
3536783
8732809
9300109
539056
798137
6201354
3266582
7025633
4380420
4992743
8559455
2238345
4805214
9632507
9616572
2626231
5835292
501546
651710
4940552
8127542
8173303
9423895
7484232
6467808
2887624
2284212
5766916
9529984
7578395
8927064
8734042
8496525
5635631
1745393
2068990
3248540
7789155
6821784
8347447
4977424
809456
6491138
4210120
8491312
4368025
7640796
9563347
3478575
8103308
4043276
9224465
4829535
5648952
2973535
8274506
3830659
1596966
3429924
9831665
4646114
133501
9359333
3112404
531984
676401
4189549
1068084
9103178
5959826
747280
9446350
9650867
9174333
9037223
3089309
5315690
4332875
8433357
2519815
577225
2231735
7996163
9965359
4598276
75082
1513041
7584934
1213245
44883
7183183
1844859
8904619
5082960
8917010
5151755
6998242
3588141
3329491
9433547
7167930
9219470
2198518
8983314
2427913
9369588
5188544
2919685
2635446
3584561
5008098
4091396
3204350
1128996
1970228
507786
5922139
9229449
8655995
3347206
6948866
9747986
2736243
6987349
9830279
1570056
6959575
9247474
8783889
7697275
8444897
9238775
4818149
7980681
9819054
6477034
4116629
3138206
2939261
9912245
3765319
9863230
6960824
2990301
7824007
2475394
8238533
5542161
3418940
6900753
2242918
4697621
9448817
4855006
2761327
1573401
582892
4131141
7021422
2704508
7940646
774773
6514456
6925508
8128233
1953585
6233975
3947346
7608152
2529408
5693104
4764988
1404153
8041952
2499940
4344810
6707229
3083698
6652063
1909845
8291479
3624127
5055373
2502269
8077888
2282489
4866982
7326422
4121396
2332829
6859981
4629719
1609432
2528024
6478718
7547236
3395417
2866828
9069823
5153458
4543514
3803903
6961320
5775210
9298993
8437484
991899
1741458
6249675
3725880
9591202
3415948
3143893
6995914
286112
6066547
6903693
2689364
7174781
4713688
7977819
998486
6972906
8957697
6061090
6410187
183465
839016
1121705
5581951
5947884
8702758
9931061
1182737
9191307
4285981
5224577
7531280
6572154
2837542
3261331
2283594
4459296
9588258
8228016
9032374
6480516
8290703
6162185
1872823
4513824
1372642
2798853
9425026
4090985
9695717
780815
6829170
9761046
2815161
1129462
8180603
6784410
794329
1051463
1036960
591589
8374045
5968256
3422430
3816718
2506715
3100873
9696535
1366624
7137771
6817025
9997480
9826777
5221278
2158792
8719463
3998408
2204701
8042669
617245
5171782
4621338
6680917
7523494
3205066
4196240
6606632
947989
7240198
314726
5050036
5052614
8448505
7723318
1713031
5509055
9358897
1129222
7242086
1805684
6626752
7725932
7838212
4035467
4287173
8604380
923456
729973
8278760
4323093
3427119
7249823
9456297
7441629
5759087
3084485
3246892
7928179
1036629
7576671
2272968
5219092
284394
5171657
5094006
8697981
311054
8755686
1302
382816
957327
6243048
3506411
1865690
8565463
6238681
5759484
5627245
1268585
3067817
6907871
1304458
2464295
7297152
317597
157188
3983770
6181994
3256138
9683138
8970597
9280254
2762595
6671681
977820
7478438
7530327
8006633
9203507
7523384
172195
8558538
9988816
5951736
9458884
9969658
8319105
6827285
6389775
9099965
948202
7934066
7112824
3220321
2582581
4420805
781951
1580815
7950330
4516035
3750475
8335178
1043705
8695645
4915743
644741
8371734
4341643
6197785
225384
6272726
9171744
2009892
5285532
5541845
4578807
61624
5903745
6490087
9483019
3890477
1503312
3280941
4402070
1038511
4782557
4513490
4735336
8156998
7585353
5360958
8491185
695913
5951630
2591189
4043811
809023
4243422
337949
9924642
1815991
1993933
4473542
9336240
4293014
2075287
2537209
5610001
9845295
3745255
9768717
2735191
8163180
3893064
4227788
8584763
8612774
617510
4751839
3895810
4792733
3111180
9125492
7704932
3661958
9947354
5626659
1879452
6432668
8146383
6212330
6742260
4740681
3363125
3664150
4464473
5692239
5379624
2665829
7908854
237725
9995055
5767830
5970905
6720683
875961
7735728
8700963
2389469
4897067
6411000
2961715
8956728
9548062
7217916
6514081
536892
4668055
3023201
4463931
5853286
9907172
3265407
4093983
214005
906462
9741868
324152
3319235
7937738
4378459
7245678
4655852
645071
8095123
671187
5414301
270460
7138103
1540491
6530697
4902181
2176344
9947469
5346820
5208542
2816869
8073419
9832759
805273
5622863
262390
7457764
3219425
1957624
6117695
8972636
7876723
2079517
7148416
8878133
2425957
7058189
7622889
2811867
1709458
6016943
6402221
7772613
9084167
963469
5022872
1365037
9228153
2582940
8625900
7337229
908088
2589400
7721276
9571465
7404246
1170449
1750847
4263464
2134390
357872
8203634
3755948
3196448
1513973
5649374
5931255
3751521
3288475
5777668
5523231
3894328
6315529
9424569
7962395
362745
8146365
6467151
5873463
4953912
9581646
7569406
9355530
2905068
8202600
2341130
3592957
6349797
1961982
2149398
8681086
8186929
7170328
5946724
6132117
5116823
1988100
6358922
2517774
1143365
591673
2396276
5390269
8820797
6293007
1878753
3969822
4223949
6449738
8980248
5507375
876929
8265935
7954377
3222701
1137693
4699327
2326945
854803
5001222
8635512
2035806
4617146
6588589
7206976
7345242
3573644
6385985
5350001
2095910
9347566
7529668
7043236
5812805
1935722
4131564
6338331
6515856
5341431
4310588
200916
2197805
9800335
3259698
6973790
1864419
4204000
9144144
8956346
4113788
8184469
7776172
8529190
873999
7276789
9189149
9877283
2992343
3890847
9377910
5299356
3490877
8086020
1825186
5985500
5052175
272942
360074
4068715
4227809
4106985
2060229
5628422
1877422
3507400
1279779
5973026
8965479
6055900
5151450
9630483
4618371
7657206
448146
6189873
6113686
8044478
9454645
9173900
430533
8153453
2999340
261835
400741
177816
2910696
9766185
4531193
8032631
2260361
2018152
8566304
8962182
1430080
5621992
3916057
2548072
640618
4772808
8361132
3363338
800611
9838968
665394
5430496
1197090
8740969
2327240
1359864
1443427
4552961
6103030
7960777
42614
3758908
4171808
939454
6245349
3484963
7821253
6324899
8635604
1960531
9889392
5192551
6683803
8142326
487837
4537914
1490575
4061159
8637248
1531478
6122567
7122606
2537591
999148
9260952
8793958
3366999
5362697
774845
6514583
207570
6710573
5249637
877921
2527783
4273131
1259075
9422816
2519282
8005356
3059986
8298950
6762059
8466333
5203314
1485395
7491851
3797550
7505671
7348171
3208230
9945912
416802
4403900
4477544
399610
7576440
9131847
9965167
2663363
3712235
858044
3157409
5068318
3826454
6707224
2228726
6670443
1435098
2130490
5937220
3247674
667513
4092735
2779984
9822332
7247102
9786576
7637871
4638098
4059534
2391657
4655885
3621096
5911421
4305765
220154
7678978
4318474
411038
5940403
3576741
8263502
7853289
4953392
978843
5560350
3886251
5670796
2350188
3652578
8842410
3565138
5914295
1449348
8635709
3159454
3261421
946647
6381979
2239824
2367077
5348124
4626329
3682816
6336176
2681130
968501
1787953
9985254
8474889
6251859
3259728
1839511
8743529
5202766
1129703
2155836
2486487
8039544
3056266
9770429
8445710
6047345
7997259
9245169
9694909
9624624
2205573
6792402
1108803
1914873
734453
1806565
7630203
8471553
3492724
920002
7258669
5819248
6218452
8187890
1568441
3477532
7852545
711522
8819084
2737313
9190525
7513210
5861998
7649044
6088585
3097425
1157738
1463858
1312119
6931802
7684424
960878
340906
5966863
7754257
9060879
9710678
3212388
9327952
882458
9698289
8388587
8094223
6885067
7872421
5845723
5973476
9417269
5539213
3826446
5160996
9036803
1146195
7882008
8130718
54677
4488883
5366784
9925065
9794307
2109998
7572017
2043138
9014633
538163
1223536
8591077
8709444
1728986
378171
2665062
6874022
9214138
1598281
1731862
7081663
7096327
1881637
42179
1425949
2050491
6644837
5338722
8862475
2672641
1481957
8110180
5090262
861331
914553
4969636
2295586
3813652
1187683
6324204
9446117
5936371
5398114
1760003
6806759
4452061
5532322
6094040
2576692
1429604
4981011
9891420
6073699
7812295
9800168
6507636
8562823
2679591
746969
9481171
6122104
181556
4810506
5423080
9930956
4438823
6880763
5650333
5246417
383264
1840448
6963312
7446205
83484
52586
1290369
9853997
9988882
7639138
8918528
6244093
8067348
9138337
8474284
7654796
854828
9721263
7003612
1337809
4483067
9095366
695039
7271602
162839
203990
326963
5550479
8508657
217216
5416774
1020686
6959199
9104899
2233033
8473648
862612
3075845
5241478
1882777
1944650
9847987
7571545
4743707
3669644
8790701
8289093
9291620
6697918
5826144
6343352
1372076
7909081
4046773
4417786
612731
7460482
7344084
3304993
7617098
9307656
3243003
9450132
6822546
8090248
3534214
6731377
8782013
7879564
7411727
2320278
5615279
1596860
250558
3567507
3113539
1989713
6297945
3544531
3133001
7894051
3269910
5569096
2548938
7039326
2909960
9540888
9306389
8752198
4861108
325338
7697471
2316813
4055491
2516024
548275
1612805
7356430
1572898
4271416
7886052
813095
7086486
239078
541972
675414
8922842
4758482
5710336
3483061
1000890
4759907
3605952
2718810
9733640
8579063
4294652
9290015
6932037
5592186
6333843
5874568
1367341
8537084
1144223
94623
9709951
8883735
158428
5892982
3134402
3804695
8044164
6582118
1301143
1221889
2341792
5160550
2587917
7975569
5064700
3309125
5419376
2250991
7090162
9014154
7869283
9058954
9383867
8414272
6549099
5187556
537243
9113989
8945472
7729120
1296974
9709145
5133531
6224693
1996839
5006584
1152976
2622511
7339907
9948325
7645726
6707597
8643164
8670809
445045
2159998
6280878
4762064
6043729
4383758
8797561
1757750
9583064
2528570
5826749
8315475
1666664
9558619
1102695
6433522
2923515
8342426
1185715
1937155
4660276
5575078
9177654
6987083
7511878
8821684
6686255
9606346
8437602
8423618
1933613
4513496
5832389
663749
4696577
1640461
5468997
5935824
2817171
7655687
3969921
9675106
6510841
3517236
4041159
2786827
3195132
6972148
3302736
2725274
7132382
3630753
8642586
9852601
9091162
526435
8971137
5054621
1141977
5204961
2428437
7170724
7876285
3027683
1733919
9376794
1086411
8439585
2378619
1624901
8574351
2367498
46080
9354763
438867
8008783
7234995
1886956
343188
9731767
3861154
9544932
146184
1436147
7817213
6438608
906305
7791126
7255943
3882472
30412
9034784
4394095
7071184
127025
4071875
6610103
8076819
83906
6704447
9085389
1624578
7199349
7217720
1518451
3130675
4555870
5734281
9835616
1304032
184186
3930880
8448046
3493332
676285
6495331
6658920
7080404
7615036
9815430
3699397
6528941
5347390
7237415
7296522
2835787
7529347
3849752
2010707
4280415
9389408
2210891
7720808
7179728
1435232
3924177
8891452
5088925
6328345
8599539
3052636
2698421
7283983
3413030
970880
2169065
6957049
1039516
7815810
814477
9268037
1194611
7772356
1966083
7628896
4698283
2825829
733990
1455847
5669562
3221308
5419518
4926630
5195210
6521319
8917996
6889626
2168556
1145004
6104221
6853827
3099958
6362649
2801257
9041364
5272989
32965
7513354
313552
2555409
5863348
5723394
8708901
8323911
1002495
2414141
2456128
6538306
7461035
4403268
3267245
4321959
2199392
3986996
2741223
4944456
3866534
3024266
7362565
6553495
5469081
4272720
8604420
8791674
9962719
7008228
5994079
1268924
5726267
9860803
1313331
7461352
7798499
7728866
3936728
265580
6307613
5360986
6022945
7630251
9665605
809014
6708080
3759955
1875101
4963990
6126839
8681969
9114364
6133137
7573952
3374992
7832510
3911604
9790629
2645296
7968518
8085759
5617053
9704709
2113599
3195543
3359811
387155
2445820
8119867
815058
2716720
5331122
7248884
151377
8717309
4110658
2415480
737641
5010180
7530245
3044127
3151980
2294923
3619911
2253138
3320061
7414941
3939820
4124923
3418405
1030713
1455148
3373562
9532860
5467227
2601141
4119466
9648288
4214302
8778300
6148562
3121921
8344637
9538493
672549
3221496
9947591
4313658
936439
2534427
8190244
1088242
3470818
7664841
9556441
3464959
4567701
4211274
7344337
5517790
1761824
207490
7969620
2159576
1410125
1443113
6176026
8627381
5647993
6084011
4123171
9757441
7872461
9879127
874081
5768725
2723927
581187
9845369
5015101
5871539
4231210
3842387
606925
7608349
7635125
9600800
7647583
4974214
8690120
9547428
1259535
8739998
3687569
31600
2796109
1862062
8495896
716476
8359301
2657606
9520568
9856538
1814851
8683743
5460558
4577256
1959735
3313674
8732662
537098
6573069
9776746
1651648
9453996
8275916
586033
724550
3542961
2623234
4376305
1185124
2247193
360641
4975943
2287251
7095890
2849865
8387804
5622465
3300875
723950
3401640
2146678
2960892
3272588
4117556
9441841
1756107
3835629
3103400
1060345
7766034
6106763
8764016
5170641
4455145
4161944
8044430
4665946
1329898
6387443
5519569
3703850
5257210
1098230
1432418
7118284
9284690
4555876
9467906
8950910
1950164
7298376
7232039
2195033
2391759
5952300
8408453
2835460
7036710
293363
3344068
4573244
847942
8006493
5464719
1584723
2936764
4876211
1055975
8191973
1424739
7089368
8220547
7686162
9951125
7520176
7339642
8449093
6941753
4350386
9693510
3399734
912416
7598628
7583383
4715741
4389779
7836622
1824997
6733058
3979266
6574175
7248863
8200482
4717340
6129060
8459861
3790807
4394886
3771677
3867353
4820394
9062439
3894502
1239401
3058061
8062456
1010886
3651203
3744415
6481239
5329995
3186791
1675541
7714113
4822881
7787384
327883
4976094
7747758
6387582
1795450
4726534
9958512
3650110
6654633
9481554
9077547
564827
5948272
9369975
9391017
2138886
8695554
8729550
4058936
8229357
4858253
8568395
7605017
9379520
6936100
6118954
5556941
5425221
541586
2507199
4668050
2659201
1764189
6834904
8019806
8000156
5425323
3873947
4054064
121652
981182
8745285
7322313
7487773
1196657
7543749
2846280
4409763
4865803
3832989
6423838
9797242
1641377
3057621
9393273
3039790
9709578
4553012
6683193
1666864
5425403
7164694
6307198
7975259
9261749
4433090
7050075
8142133
3794873
8646061
8294774
8821289
9439361
911321
6831256
9758028
5368638
6475592
1405440
814633
5068030
8750026
3533390
4216043
118628
9555765
7127204
9466429
4775027
3782366
3858787
469902
4015468
4723699
1454813
7750154
2919745
3370646
4013804
4606048
9246165
984675
4703181
3369042
3605167
4566772
9696312
4197583
4325921
2719447
2701815
7444333
765142
465194
7870060
1058820
9281568
4011907
6653901
9857425
8155672
9163724
8953370
4153142
9626009
8184691
6837254
7543837
5379208
7277198
721116
586097
9182217
1512802
5886856
8175747
3259549
6976236
1542724
2870553
2102059
7302449
4119746
893682
424801
2876568
2695307
4062024
842045
7408841
4454184
1294434
4086675
48769
307304
5513015
1599168
5035977
240544
6796598
3727804
1292340
7863486
2960307
2352482
2406382
6829303
1649640
9835168
9547032
683116
8044661
4560188
6346843
7881078
2941331
477920
1776298
6011195
5347156
1815419
5859598
4238016
7066458
2762426
4762985
874302
6893273
5717305
8288881
4593315
8079867
6856575
395174
6729482
1827026
8964282
9391844
8985599
6420101
6754138
2223341
9870306
6327405
1067223
2915892
6420842
6985216
1059436
2111902
2057902
9940611
7107632
8094978
1997026
8863306
3899209
8072289
1663685
4140483
7062525
1811425
3160148
9893561
9077704
9041348
7118733
4283977
9242076
2989109
7766922
2991225
346022
9578853
5118079
3604147
5838015
1649870
1700869
2039403
8683975
7783209
3804874
8999877
7379193
5970191
2535290
5065184
3238149
9165473
3369113
1273072
9599404
8334045
1207463
4894616
8448216
9681053
2728572
6706799
8366202
6195169
857538
3775387
3774667
1479328
4466475
6118782
9527664
857902
1037212
7246306
3408305
3244575
3881829
7784978
5722362
8880025
8109217
5739815
1432178
3112145
3060196
6567877
8880788
9085568
5823004
798974
2636058
3346492
4645079
7543476
9610777
7913949
9019457
2531397
492651
9411164
3445306
7882983
9418552
5462820
4934450
6198649
2147442
4400368
8768202
6622906
8158464
2204385
5205822
4634497
3547369
6709751
4047267
2009551
8937084
9384106
846571
1905689
4551759
8302378
586385
6374849
730622
5394152
9082286
8813452
8107528
7366754
5966715
4399444
5871984
9762042
6225918
9009198
6942238
9254632
7739570
1572645
3467224
8653594
5313596
6014893
8414128
1862442
254263
979927
5430118
7022513
1275499
1674119
9738919
4921221
1604880
47260
2422787
9221720
7967281
3811940
1713819
4516891
1326033
4491756
2766120
5169641
4355718
3380130
2320222
4747916
9659113
1705454
2542744
2646574
2904891
4496828
9850653
5856439
6414880
5898238
9816274
4606665
6779102
1021422
41740
3956682
2749310
5621580
3668015
3481750
1462424
7262486
649702
5423962
4459036
6771104
8674388
2630501
8529181
8550397
8059096
9943463
2195549
6695072
5396141
2711979
8777661
1752532
9683100
3706127
1600071
8447976
855127
5191500
1920930
102465
4705781
3662189
4469524
7312204
4054935
3084034
1143347
663638
3205674
8335381
254734
7131559
4635852
9488604
8264138
2154326
6351952
7941435
658880
9840914
7752655
6691886
4626
4117577
3243813
9512385
1560840
7724567
1554718
8541485
4066033
9904330
4422832
998835
1466923
9760758
7323972
404282
1586578
8548460
6615643
6405173
5212953
4546634
5894088
8613694
300175
3187961
9458896
6434285
2592006
2958635
9949211
513042
7326659
7538404
5999994
5246310
8746058
5590058
3326352
4582387
8872895
6360727
5961002
484832
9524684
8016537
7304051
8182580
4989794
1705089
4126661
5783225
2494455
1919429
2757058
2131731
5217593
6685917
487067
1800301
6124978
2856354
6756896
7156197
1103541
4861283
2456717
2262272
2998816
5340160
3682667
9373699
7831837
9188186
1254389
1492494
5234197
9533113
2932569
6482125
380918
4378635
3400932
4346821
7767809
424114
5329793
1511536
3596083
6845587
2515601
9807027
789468
348755
345029
766937
7024791
9289273
5545057
4797551
9861591
7600600
3967349
8333116
5526552
5348424
9104194
8569011
2446759
93306
5678596
2703999
4907793
9134703
5972470
7843666
1295761
4801450
7548487
145593
733073
1223182
5093876
4784314
7152028
7372088
4214684
4690097
1945421
7505479
166466
2214869
8174017
4468834
2446405
866975
633503
2143026
1586238
383028
6443657
7760478
5724329
217902
7745087
5290867
3969262
8215794
8593837
9675088
2305639
4226761
8437322
6859327
5178348
5591703
3893555
2196858
7718605
4414454
1101465
1696298
9985538
7794867
4625552
5571083
6846824
8007379
2637485
9927778
2662767
6168506
3183826
5386609
4654608
8438400
826121
1013804
3281028
1702637
7984590
7073833
5280843
7536483
8687072
8959684
7841618
8101361
9619009
468880
8417281
591864
2537693
7548734
4027797
7870977
1428718
5324536
5448088
787698
6583987
6495775
7412961
2533954
7163443
6688085
3506309
1674669
4895027
6719626
593376
7153368
7503695
9859497
9967240
1450554
9485283
6918419
8754365
7569467
9657832
2457833
431677
8960436
6549257
5028923
7972735
3522000
5369199
5307842
8166974
4966062
3093982
325819
4484995
9681685
9395129
2654891
3934410
1113850
2931691
2960538
2309671
3847262
8941291
9719311
5603907
8875949
4146967
3529236
3528574
1056502
6667621
6035608
1080891
4313305
5953516
5706660
8540017
9957239
8739862
1815434
4365220
9419753
3778768
6023397
5933767
3949726
4379415
2204182
7145253
1186285
4938679
1606570
4956059
5143706
6327091
6383567
4194824
7165273
6132854
8898664
3180136
2707682
3321784
2493748
410851
4935215
1542280
7284048
2203344
7475205
3136767
9280931
1428951
2812510
7925693
1330963
962011
8944734
3404444
2327819
1193997
1544705
2349274
3793900
6400013
6431947
3107755
5003674
4135116
6059337
9262178
3370337
3762413
4247684
1530443
185018
4586433
2471956
2175533
8335720
1581486
4768087
2314518
3798164
2892537
7071353
7586894
9084046
2883827
9730152
5395359
4505434
3617397
8590750
8473917
5036784
2490293
9513779
4349488
1759209
1433129
4436665
1809805
2955280
941317
9948228
9708713
8122641
3985912
4553176
1246932
2555280
8882847
2491025
4042016
8088925
6284435
1435508
8298568
7316390
1187391
2445053
8396887
2075971
9463959
754355
7941736
4531059
6861979
9120312
524638
1696176
1181018
4747970
6279098
2713460
191714
4494612
9195853
7024153
6475691
8399183
185964
2158671
1155667
1921026
4916181
7174775
1241022
3070927
5545714
7399019
9203019
3510995
7585854
1054559
6730393
2006635
6449626
1759785
5029428
2627955
6969781
8552796
5760038
8534220
7695225
3526558
9064513
5255759
187914
3041140
6722370
1252828
4528601
6426080
5964213
5153920
4705129
8585111
383769
3236903
1826557
2654042
5291042
5806911
6694803
3395821
304975
6166851
7840259
1492151
6153530
9109073
2554063
1170164
9403242
8288188
4774078
4524922
4639796
2368161
5513479
9440304
1724764
7809934
2819124
8163264
6140946
5610829
3536957
6747929
7822404
6494106
95221
1456820
1505850
8566741
6750041
6492370
6634772
11407
6573852
5620046
7467860
3010517
3068401
3934934
4958647
5612186
8197920
2009018
6565413
2044922
7497986
2672517
420752
4539755
572033
3224451
8578113
2779384
891642
5235115
5815510
2761760
345478
6198945
2656459
2552714
2907043
6901164
9765368
6641863
5694311
6868662
7375713
9157977
4397689
7817380
1101397
4186611
7478955
2703143
7455349
2544718
3772577
9552414
9370779
7336004
9627447
7113803
5338738
6706521
1049312
273594
1024600
7843881
4522289
7900869
4407062
6737808
3940787
9081364
1898354
8929511
4560485
9282129
5593438
3892778
6243937
6814764
6042517
7643588
472101
4865921
2133285
5434356
2349611
7281964
860853
776970
2796279
9627801
1000973
8667596
8668679
9619388
2889793
6628405
1438170
8655838
6355044
2317449
3850515
9017977
6246927
3225727
7465836
1920555
8008019
904451
6304087
4896322
8972853
511922
9113008
5682557
4948042
5271282
9525208
4010375
1282524
2513801
9515421
8595602
5068019
827887
5137384
8442701
7802472
6579502
662044
1659797
377299
4717312
5566980
4451904
49001
4129589
677144
7549298
7717438
706541
7084254
2176256
3515377
4043633
739707
4419116
4135446
4341301
5668143
4332374
9080889
6178691
8763683
3360056
300889
5297241
9488461
4669401
8863407
6924760
6442732
9112687
8052468
6302255
4132674
3510766
6472986
9212592
4861620
5232265
7149337
7036245
1354500
7997552
4344466
3149069
8855071
1102632
6721017
2895793
2900782
1262814
7468912
7579018
7752022
3168919
553681
3889140
2124610
8923459
232464
1259246
9134741
6006563
6045173
8769120
9535433
3055847
5451412
6737145
8949218
7420781
5953134
6503005
961487
7201147
9162074
9489368
4490368
4038952
1486205
5429890
3580002
8202559
1357182
9288370
7631735
8322851
3262939
6219801
2058420
2133733
7296023
2500524
9133964
6950078
7751161
6281070
7313474
1230604
2625219
5810097
1471994
6376864
3312384
4158091
6184311
7233663
7239499
6065128
4048400
5798606
8405965
5388739
3566715
2783000
4623978
7702949
7675407
4392950
9089566
5729796
6541777
1457685
5686434
2594118
6515544
2634478
2116520
5285322
3188685
9516154
9743870
165917
7028794
875717
5941945
8710678
250573
2785519
6230713
5904482
4958772
5437261
6687619
9730738
2393205
7429841
9460451
2173201
5862836
9219436
4319874
9313572
6036276
8307409
1949648
8068127
7960653
3920495
3216338
2208954
425563
3039174
1395219
981685
3340108
7913712
1091859
5292308
4887761
1134672
1935681
578130
6376205
1287589
3812391
7134408
3006369
6476987
4121813
1942389
7913679
2588510
8398684
8019943
403239
3006106
6726081
6287046
6188971
6476996
1735019
9572712
5539068
5640124
2930914
884747
7562148
4071086
7910901
7280350
7342350
6072238
7131548
8776994
459049
3394054
9000754
5325684
2786372
9580867
2489436
2803206
8238688
105329
4388726
8082981
5422447
2534658
5624374
5357465
8218759
3819225
4828162
8334788
8424349
608438
663103
1856572
9824998
7570767
4326263
7136994
1731772
8359967
8669272
7344253
2041207
670198
6935585
7522670
8746110
7931173
4673104
3087845
6969767
7069547
1225691
6326603
890721
9645147
348807
6011750
4515916
7011773
909649
9268200
4010926
6926903
2842173
6516794
3836537
3594981
3817224
5060407
5619843
7186664
3667873
1164736
4299845
8884409
9743466
8852617
2765962
5477571
6541933
3405523
9379867
6411607
5444297
7205969
8700962
4106797
8568684
9845618
117942
7114507
9631157
4545891
3212772
7991809
6024814
9572643
8175018
3290210
8426424
172416
977039
6378218
2391492
4151332
7820655
4813646
3925057
2767483
4788480
6218999
1617056
7460770
6018551
1432031
9386129
7545128
2310954
2552444
33027
7503632
8191928
5146786
2588726
2572555
8883983
3597342
5384917
5234550
5577365
1013643
4686028
7676489
7541679
8597398
6017751
9253108
2284696
3583281
8989668
6763402
9490642
1570254
4740521
537525
8188197
4221321
210966
339769
7727217
4558853
7667226
9545843
706195
5152750
2466115
2057380
8171771
822470
4364867
9823241
1306884
6888150
9343840
6354846
4612550
5734043
6029070
4947781
2955991
337635
6347556
8218883
297455
1310325
5126908
9162755
6178195
2682364
5804213
6227466
9990480
8234109
7061375
3672074
7278604
6668753
257106
681998
8352491
4953278
7936649
6506459
5883173
5876971
6829136
4151753
8316208
684277
7502
4846823
8023448
4227040
2198243
5013299
6374310
6979771
4793364
9719888
7563097
4202730
3282619
3011686
7507965
276121
3472064
2943515
5512720
6802823
7006516
8354141
358343
9485164
6040893
7551466
3720924
3042038
7554056
7260696
9890133
4558954
4478262
8927002
5298113
2527709
9580327
2820821
8541364
8408444
9929091
4041840
7939060
6787079
2606545
2283017
8106866
6866493
4467254
4716196
585522
9857865
557688
4292533
3500061
7233495
2563087
5276573
4759831
219046
3269289
8681464
8937775
3124200
4496832
5518443
4662609
1445567
1870538
1612863
2885132
2346730
6584324
1167944
4237992
5649759
5184577
8461634
6597514
1651336
9730700
3409681
4954571
7713902
4114884
578796
1358232
1042315
1691119
4448713
5426657
1062740
8991025
3135124
6311007
1874926
475293
4110182
8234449
7826704
6806034
9903296
8775557
6791350
594271
7601264
9033022
6218440
7252309
8405617
5095682
789406
8494699
5813116
1031779
7830433
5025025
2895068
728966
4623548
2290348
2142526
931503
5329283
236731
1649774
636648
7042445
9586862
2002707
8221010
7854983
7645235
4355841
2918667
8669389
7583809
920850
345998
3537912
2954734
6983647
996905
6544386
7296024
6662035
2010407
8735677
7136776
200559
2592772
466256
6994066
9847521
7674268
3046500
3987433
2569923
2515337
3593760
5991870
3386968
3464549
5347370
4001155
1584307
2126959
2523416
7704373
5557067
5756124
8339267
2148679
995957
3494143
7833662
2763050
7901495
3369823
5102249
2638263
5261879
1397795
2317858
2616666
9684558
4212354
6359792
7835511
8005907
1767031
9965967
3437920
5853130
7957214
9696723
8152823
5039918
4350428
2822616
4262140
1684484
1962068
3919445
7937532
9278007
5868818
304897
2702705
6043193
8203292
6230764
5102031
7591860
2307836
2076511
252426
572940
9259110
5323397
3238525
7561213
5020102
9746878
7021425
4581369
9527955
4839677
3510177
6527901
6249915
5403827
3285248
9418186
5587238
9138896
8513943
9392566
6661118
6424458
8867767
4556473
8348718
9470468
8055608
7107429
7237961
2271025
2617181
8668919
7059804
5559711
1691513
6158773
7017440
1680646
6694475
2749273
9393412
7648404
8193255
5152983
3660083
2359117
6317257
2444942
9021477
3987946
3092270
5761306
375493
8279725
1437130
5335534
3737697
4346922
654177
5856796
9410283
5121012
8067799
1302061
8021292
3736409
931162
6643458
6451569
7517016
375909
175067
9311625
114040
6815462
3418798
3685026
3444248
791644
6190609
7975333
4188120
6631127
1746293
8964402
7911609
8394610
6490406
8854310
1507662
8241804
6291335
7129604
5900484
2579316
4266032
8405144
223711
2436416
5017059
838499
2688462
5213036
4204717
1948101
8307687
2600303
6056422
4283528
7067679
9415191
2699282
3061290
6278915
5709417
3484793
9740813
7446160
6232559
5671129
7459020
7007753
9823739
69318
3494188
4163562
7138525
8945435
4404570
3215538
2143853
5789127
7429153
5074451
6962261
6739893
1828770
4923478
3781684
6814472
8946243
8330109
6838160
1538280
2079029
8758088
2915812
299221
4709527
9947461
7951510
9147480
3242206
3259855
4768082
8627670
9742734
8643576
1431538
7856820
584062
9219375
3079699
4073271
6515329
546538
7414091
6305504
3675004
1827301
4365644
9558311
3399795
8132998
8450191
6951580
4706035
6097592
6063679
8738083
4090114
2129499
4417903
3021510
6158163
4419551
9338961
9016058
9030287
2592806
862890
6711647
3283458
5260281
1546994
3697477
9617023
1542719
8719638
3496947
460526
7719390
9922414
3966260
4703184
2998647
1744243
3798954
6823922
897103
9451297
4519528
7892883
7875048
748617
6617362
6317197
628480
520897
2925044
4740219
3324998
4868151
6119892
811637
8961225
4396324
9424815
2511585
6833308
5832876
4933792
2853650
1015980
6772843
4340886
5955267
6689553
2951032
4114960
6467335
6306957
6986122
5455897
1149393
4367782
9912665
3831755
981345
5867494
9028524
1149753
8479259
3530816
6640130
7276521
7440074
9614941
1655923
61869
9425990
5427067
8479794
6751269
498841
4771660
779411
6649042
9626508
3059250
8975942
1366086
4486350
6381091
9544036
6072031
758607
7510753
3639582
2048085
8780279
9611828
2201296
5362335
3661967
5087327
1519421
8431260
2914837
9680463
4695047
6514321
9360693
6286904
2345122
7414797
9073416
2032025
7523355
5334346
2127699
5181515
1592243
3963852
3340198
2481130
7183451
6070954
3539807
4526220
4800720
5895658
2164121
4913883
3282704
98434
7578993
8571770
1010862
6669960
6234161
7440693
2720275
563569
2222565
7869934
4593661
3082783
9169328
2999893
440163
5898930
2265972
998101
347328
7052777
6024027
9030821
8680561
1463397
1842621
1356731
3452595
8642113
7839073
5635767
3763579
4098330
3080759
8019495
5454163
4897854
9129132
7044839
6898531
1080063
7398481
7038271
7354481
758956
6135056
7200539
8279203
3179188
397149
3011905
5969224
2648060
8654710
8707448
7491037
8129789
2544519
3855984
3184739
2240050
1584120
6998029
8691784
8129097
7461916
6630940
6878164
733092
2147193
8589186
5188658
7935694
8389837
6915660
3891570
1883229
8793613
2443802
1200753
1108390
5045501
7422510
6142566
7811031
9230614
5635435
7006235
9743383
6679104
9144296
4763512
5267793
5742573
1961063
6567592
9559519
9742623
4784781
3423166
5957611
5683409
8214326
4897628
5327721
9075845
9791837
8853425
8292657
820226
9360369
9491923
4148619
3792447
5823214
7097567
8834896
5171855
1773168
7791116
753566
6812463
2429755
7748130
8768399
7259666
406449
6359052
1880510
4025976
4238624
5243589
4129729
8820020
7323862
972210
9574726
4810943
9605609
7811610
7724974
527788
4087584
2662920
3141151
5068673
718377
3531593
6935865
3076585
9197109
9605779
7865176
4733833
3598743
369966
5688422
4768090
5740254
5264259
8793527
8420957
2447269
2380755
18239
2168453
6626691
4848791
1994719
653513
2923966
4735890
7601122
8886417
6422887
7937947
7193164
3675721
8942466
853130
8719635
8003652
128589
7155242
6305389
1120171
5289296
4856042
228923
6032930
1090488
5116984
2869539
209158
2709573
726804
9945194
9056491
3057612
4440746
2348633
4488904
6456277
8566052
5819687
7851543
1589286
3492710
3562416
3226837
3898113
2912879
8790915
3125893
8242817
3190483
3420267
5574426
709410
6670891
5342929
6513283
8941795
2663690
9135088
734107
4702075
8075572
4074254
9563537
8374179
8337617
8337994
6747853
6577834
8563941
5345613
8998022
6003236
1662714
5829077
6258389
2491261
8852432
9101344
7890847
692436
7643416
5611452
8546517
4210902
1655244
388111
4194271
1096034
684895
9415815
5929155
8073955
5833859
2697696
3833191
4863364
2251849
6290717
4327888
6645113
9421417
7287461
7114245
6282664
5433426
7427921
5616385
258177
8181384
3473848
3655109
8285397
7933072
592720
6964831
3995983
8607255
6227167
6413682
9013723
4763932
6239546
305750
3418936
1702381
8410641
729075
3092875
9799047
8781231
4388111
6017673
4180697
6577053
6446179
2297802
2707259
1301986
3006156
4165859
9670218
8673708
7300498
3602575
9135305
9851090
5492505
1996344
1915476
2072458
6477668
6177257
4455776
5915983
178025
4633804
7875553
5835037
7226113
2966880
7031795
1725326
1734870
9961446
2651358
3836306
8650910
3527815
5176334
8680117
9354403
3931275
9597278
1766535
3153506
813663
8929182
5441936
2099190
3684342
4471844
3753801
24484
381941
3217522
2828720
3965441
5634788
5524209
9843340
22554
7614939
2424617
1874201
3256887
3440702
6509489
5361560
6060141
6772681
7725085
1413928
5323088
7991837
8298150
4173327
9318807
6109798
7920130
1291842
2073059
8031929
7690406
1461056
5531293
3216917
5568730
355043
17551
4973798
5014905
3545410
6075255
7507457
3441537
198978
4443632
5343426
731739
69806
5586640
3654108
2129894
124784
8067255
2464551
2921077
654314
9189786
7295390
9942881
366497
4109298
7530676
1381378
5512599
7461786
4430210
3618139
2385406
3701048
3709235
5948628
3301882
404626
4026966
7109375
9879799
3585176
2352189
8214124
9058180
2172532
7939426
7251902
4013032
3071713
5699452
4830634
1877399
1067493
6849700
7091532
6085971
2131711
4236052
3275558
8010901
9311257
3667000
5869691
1422197
1873037
6348339
9840193
7293283
9374170
2715670
1690381
2650267
9054362
628849
4166138
2456515
4235362
289715
573007
8168036
1692268
6836979
225494
4163946
4640395
9510154
3693830
5418333
6427341
2860456
6101139
5584363
2033946
8101655
9152890
9247136
6320502
292334
7394098
5788951
9005287
5727771
1011900
6808606
9469729
7341
1737443
9165750
9925117
5866848
1078646
6004248
7991838
9203774
6290764
5805120
7254212
3096725
2452137
8918075
9033478
3350205
6410351
5936399
4743938
7373212
2193104
3175370
7919913
8060064
183321
5017958
6778120
2336206
4308967
6464256
8983930
7307235
8708063
8571454
6297896
3901528
9431714
6156165
3869070
8974490
6075428
1310772
2531808
7325335
7658372
5513856
2891101
9087319
6530414
6428973
267247
3573430
4043928
6674658
4551702
5640737
8799482
8119530
8633614
9724307
1783378
2578488
9549605
6896820
2541710
6971349
4668554
7777547
1143349
1553555
9768969
1624754
889034
2532106
6784124
5489837
2753109
2902666
9626499
9410410
9167030
1419584
8583278
7187350
2451743
9286890
6210068
1568574
4153216
1083263
3775551
2127369
8681922
3469768
3713861
6277347
8147365
3344063
4195993
6153857
9411781
8285212
9169234
3828004
9640843
4531302
704606
6490691
2010285
722916
1449166
7708834
1457808
165708
9018849
3511157
2253042
3477685
6614131
6418043
3117587
8096468
5221880
8128345
1023777
2352142
9164146
6553113
7667278
742522
3293014
5510722
67207
1861101
4555261
4657541
104337
6074650
2789407
5874279
1851466
905588
2903078
6827575
8795132
4796607
2323684
1308135
9363848
8649415
5334007
3594313
4108606
1366479
7966446
5430040
9965951
7923590
3261636
1184583
2214739
2543428
5440909
1920285
4937557
7806124
5312768
2823953
976108
2060838
3437574
4795013
9250333
9426651
3340195
4337218
1573582
4868237
1914636
2425186
2595666
4796229
8814138
402341
397730
5708373
9099235
2655672
2327467
9197928
4528421
2790462
2074494
6495457
5000390
1597734
1871201
1895394
4296238
8232220
698948
280772
6567472
9407
4397542
9198857
4678845
8212186
2080211
1308254
6757217
9082261
7637431
9497419
3333603
9369724
4997548
7052897
4310323
5404510
593583
1443729
135710
7851902
5937324
1517425
4858840
8721012
6324171
4419698
9124625
1238833
2385918
7441255
1524211
4210880
7821131
6474185
9974331
3464336
5637841
4413807
7560311
6441868
4323502
2008892
1862283
5473404
6347751
9779643
5522301
5152730
1494285
2835352
3386546
4154321
9897340
8984758
6351460
5007450
5584648
2535991
9821013
8657413
2141660
5973036
5614879
1574706
8305216
4918421
3195500
1145924
9306932
5245852
5613452
1743307
5780661
4962372
9333852
5248160
425874
3983515
9132840
2768928
1302776
4435621
7483296
2499275
7595768
2315148
825696
7493518
3317487
1977334
1033615
8419132
2328653
5604806
9727934
1027713
1594561
9961922
1857300
2289239
1184105
4417268
8489843
9028323
4025150
3120472
1626052
9994527
1049224
5786828
241351
6562225
5078699
2008972
7929971
365521
6516464
2190315
4157530
5552091
815474
9775871
7411343
3983077
4383154
6867840
6227849
4135291
4327564
6633509
7299171
5452961
7946126
7456128
6196007
7159649
3098403
1620331
4558182
3188003
5383458
8213294
7800888
2298425
5001936
5965528
1791578
8990534
9524974
7996872
3471758
9711284
1876333
7156592
9907526
7970024
7424353
5240653
267947
527855
8634272
9453327
3860280
4378418
7724074
8447859
3646905
2276583
2294394
3798335
8608345
8566333
9567865
8860988
2283879
1809829
9945836
7720965
9268376
1378426
8151834
8046718
7184915
7704414
2158437
1668544
6806424
8595288
8725430
4973178
8814604
194106
6932489
8369366
1370005
7902050
4283313
4395647
648364
6488705
9630031
2811647
3582234
1537907
1897570
8751779
8362849
2868275
7142399
2521977
7575466
9725956
5674886
6078124
8407181
5411569
3347842
5951918
6553379
4164913
1286925
3022569
4358459
6840980
8408296
8291408
8423846
7992793
2136237
6248199
6335853
3762234
133913
3976657
9433031
2362754
9829049
8293762
9567424
1408177
7814095
1630275
354212
2469648
7936769
456261
1049045
3904234
4061913
1384660
2671507
6242540
5061346
1456079
543786
6322751
5857564
1149741
1675134
9099092
2516491
9300765
7479118
2899560
6795831
2908464
6813097
8496426
3291559
7421921
2436336
1555376
9555987
4374456
465401
3797536
6008084
7301117
7769816
4042400
5184327
5170793
987700
1526211
6583495
1845476
3313629
8118927
205707
1039538
1543347
3915192
758881
1727185
301047
8727344
9977300
7187737
711435
2821021
9713497
3355586
8966969
4657066
8239308
4103176
9076023
7261188
3002738
9589879
7808496
6248046
8684008
8693840
1715410
4106517
8728951
2391094
4788217
4374360
3865075
8849810
7791759
1741589
5030507
2796105
4574689
670674
9995778
8048472
1879609
6838163
7217326
8048514
2399451
763210
5233017
5755019
7927285
361027
4420751
5503841
4557191
7513020
7336119
7152043
3569046
6122821
1811838
2276116
25164
2188777
6550937
5872087
1644764
8384433
8373140
2974391
2239917
3936625
4554045
8402779
4739398
6666807
5462574
6917428
3848088
542839
2597379
876201
6542234
9344711
952646
9410786
935518
6641425
3218843
9925071
1898331
4242436
6066050
8179942
1007493
2065198
8982552
3855121
8451435
7622244
7222059
980444
359022
2716862
8874414
4946109
5355568
8407584
386353
4381703
8424805
3277327
5366534
339791
265142
2954179
6087633
5728339
2634643
5803277
9096608
7261281
3645956
2064801
7057348
3304458
9220743
1759845
708509
9285722
8062020
7526536
1214674
4695302
5116466
2260387
5839234
348646
9211190
2596612
4374773
5411208
1643128
2507442
1550489
513605
9745812
1377644
1104013
9083444
8159071
5830383
9179888
7334017
270579
6649299
2364714
572176
7774012
8990027
5757732
2630459
3266515
3315213
180283
7235397
6421303
9695000
2353776
8819936
4450879
43956
9169549
6510098
2048681
5799399
461548
7361393
7483822
2750800
7124668
2737430
2737323
8765339
5335966
8952318
751891
2068919
9459645
6269697
4785709
6330605
1501001
4724221
7245205
1684608
2324959
6515481
1689658
2325178
5001213
467408
8145656
7654733
1413369
4925114
2830490
1379162
5569060
193201
4662071
5743738
5717985
9737815
1742010
7578252
6012136
2776893
2561938
9755989
1032945
5648681
1241349
7724153
935598
202268
1949771
5533918
6053980
4698600
1680611
8717666
896210
6168022
3836777
6901306
6521274
4868646
195765
8436157
3758329
7965108
9187104
4384528
2935102
4134496
3498903
1967333
6765380
1303704
9665772
8906113
5263096
1004263
5058474
8309236
7265943
4781786
7487904
1071346
4022739
5553716
6590006
4375769
7569825
9921673
1730294
236758
770367
1681110
3630862
6680132
8204687
2497217
4974469
6568050
3899895
3665007
8720470
2535612
4285853
1255385
3056641
4815973
7577484
2952086
8335281
4948078
6220140
465006
1871492
1186970
9288120
1655571
6653013
12309
4367460
8764356
1866852
5604999
7234440
7183918
5067939
6142889
3867091
2012553
4664335
4606979
365824
8274280
6889108
184638
9617831
8520762
2613119
7730909
2289275
7557841
4459757
9878813
1542254
8229780
7115529
1086433
6251845
743945
1155731
4784643
9755817
628025
9350161
7323266
4292846
2688000
3707383
8549496
38889
6355489
8131020
5545308
836824
2753259
2736038
7230124
2846253
5428545
7431453
1975891
1359777
6362003
8698837
6146620
5878332
2518676
8286571
9624185
1165497
299869
7848794
1221891
9088868
9709022
6030931
8535274
3185406
5903839
2352268
5657432
3701535
9333317
108916
4529195
777384
7109252
8665926
8047520
8064498
2075138
2081803
1071220
2357121
4672321
5640709
4576329
7259986
1783370
212313
61184
967061
7930106
540197
8034253
5078836
8281492
1719830
6041324
9272212
3950735
9433277
6649705
5696645
6422170
6450846
7940141
3853619
420863
1573607
6119096
1813049
3982441
5419733
4960584
6747650
9943957
271227
5239534
3173095
32983
5147795
360979
2657617
1759081
5479616
3270213
3566954
9133170
7466600
3902498
5716790
5805118
9408550
3166264
9133664
9562809
7370500
6429646
7804146
4621824
3884631
8317934
5865953
9102274
4204869
7355559
5315118
3734225
5028716
8655301
7665123
5200862
8127322
4445275
1804788
6405178
8463422
6543406
6917198
9478006
8495833
4600924
1906772
7802853
2558229
6094828
7084142
9760710
1999049
8613296
1425528
3033927
7279205
4130558
3360767
2364699
6110818
4130127
9102248
7471517
1489687
1610168
1718840
3821155
5789933
954072
7091939
9404857
752537
6603199
6178099
3575568
7956388
7152934
8801700
7580715
7657760
7672073
1439038
6118942
3818054
9265987
2634798
1106783
1540128
3421218
668395
8744395
6732153
1052384
6085733
3149924
7562663
8848134
221393
8674657
2665217
6290100
2670644
2074947
495204
254939
2888391
3937168
4132288
3367238
8743241
9107871
7779308
2946082
2580450
3557903
6855898
8892434
3745688
7032849
5641809
2976253
121397
3491762
489143
4215436
4850193
9071962
825035
3062337
428559
8107687
6162010
8570242
2510201
4784571
4698973
2268911
7400512
2230285
1744857
7076257
2206438
2310014
2746407
8567991
2085769
2262380
5559558
605300
7357012
8257320
6665701
5676129
8186590
8825061
1339408
7872233
8172596
4147296
2781092
5135091
4091111
8369062
5219952
2500897
9340208
6299944
5602990
4311778
1221355
2507999
1264520
1747232
1980513
5710992
4883214
3955715
9118422
3514777
4499942
2791940
8371665
1204694
8025229
2003343
2600603
9312208
4292900
2996506
4290026
1296561
500950
3012970
3306742
1689157
2945932
867735
416772
4946513
9364981
8715501
8378857
1603773
1379171
4845676
8186047
3569374
7244715
1073420
132689
5471626
1942923
2634322
7691909
3049708
7722560
9483391
4978666
8115232
6821696
801844
7525410
307854
5775781
8479418
7027883
3763577
3910805
3830981
758197
406473
6530467
3899402
3965846
4258142
9177132
7560883
3288683
2496680
255649
920698
9920685
9790779
3029399
4101673
8542465
9855266
5428088
9589965
2505259
936599
2300641
3718562
9790889
2028988
4426954
6533157
9717946
772393
1616773
1246591
776513
9011480
2584808
5771192
4496551
627084
9846126
5644965
2517225
8742872
7339418
3984356
5564756
8466306
7997163
6585889
4362056
8168416
3895915
511963
6270120
4506619
8101906
379897
3777383
9159378
