4170916
5551297
4585207
9657622
8177746
3979905
4375989
3675098
1627469
3370345
5357316
8849865
2325801
483307
1385563
3627455
595982
2212165
704184
1591262
2715351
4888755
7545688
2068273
7047837
3796187
7781093
2302849
125212
6669102
9146728
9353368
3437991
9290053
6180699
9425855
3788313
3290709
5234554
8785561
2519483
3088612
612643
5223874
1203174
3545124
253840
9437310
4641537
9428481
6133407
8443443
2834428
1623395
1325377
7983464
5624759
5863047
9664154
7308278
2852136
7077056
5117863
7114117
4126349
8928869
8343424
7231585
9191686
3773393
1154200
8384540
3678959
2577307
114865
7482664
59273
7823576
6419616
294359
8038489
5945109
6496462
2724934
2569057
7566273
3087643
262462
6640485
2088473
2495445
6323719
365898
5126955
2394354
1661947
2059451
3739102
3984173
9131138
7720764
3590434
9231950
4230375
4739582
56491
778683
5973554
178209
5511986
6743316
4575756
9625950
4984152
3466013
4178740
6985948
2524628
4837880
4293209
7844867
1269881
9794701
6628341
7250126
3211064
643628
4193811
4751645
3876006
5920688
7264625
9076473
218202
1468392
4701555
4844511
9023935
4618441
8486508
9205913
2325764
8104528
1197745
9208499
2567857
8586140
7093726
9817538
6464400
2004025
6182298
9559983
1001856
9152043
2152812
1568224
1844058
2408774
4783438
1333025
8873916
4507464
5579646
8309526
5908431
3040795
2466697
5735262
2910111
1589963
5631117
9297135
3804044
6350809
3091869
7835225
4288542
2034738
6184648
7973038
2937878
8775745
3510654
2164119
1626501
3710283
7831774
6104961
6844650
2417538
3498682
6834489
9910030
9826813
9191410
6219380
705790
3258776
3581277
3365266
3506550
9491572
927181
3713285
1566062
147898
2379038
8354723
5923325
4395038
382384
4636541
2452749
9519502
4171847
5706164
4538847
1098097
2234563
9840558
931676
5241079
595214
7466764
7255165
6380775
5645256
7941237
1620354
5180185
7720959
5601373
9406142
7925989
7184254
4431149
1334668
404364
841065
9169218
3523461
9039058
9733107
2157071
8471102
2096960
5804051
1517421
9586459
575888
9656780
8140551
8377858
9408240
4136960
1681042
4706215
5398680
4813456
1928814
5811356
6139977
2489213
8411578
5621559
4003565
5036487
2726374
1491186
3729191
5794345
7676555
158072
4318230
936876
6070577
460441
1296705
6127229
4074629
1065760
6912545
9244566
272077
5538221
6355682
2996800
8908526
206927
5449576
3864363
4496773
2799943
4155580
1630902
1466358
1199554
8226694
509430
5949563
6919818
61246
9064326
7038525
4924782
9237987
5450533
7979157
7592728
9122383
2178180
4768707
1717180
5666083
6668098
1859927
3066849
8336865
5960123
8746836
1384125
4632771
1685885
7298564
9385825
4244884
1751763
3705724
9863290
6469266
1689144
4266143
2323679
4746634
431239
6016910
206095
1364114
7350735
2610707
3078892
3499773
6553626
4442567
8571082
199128
6438858
1361839
2880995
703286
2247493
2705804
6594157
5168652
5696498
8600988
4850680
6432971
5592305
2701263
5794296
8351492
9896610
6715978
5228032
5493061
354347
3317848
8231601
3501795
2351270
873315
4432252
1652585
6553790
1451389
7478905
5434964
4072563
2465591
2536140
2396982
2593178
2462881
2605329
9444361
6290415
4226137
8793410
1078175
1423854
8985358
200117
4586032
2653713
77617
2070987
2076145
1154264
8088636
3425744
6438338
2464995
7795185
2217170
5529210
9414327
3108153
4297903
1214947
4116971
8435577
3264537
9170453
7339354
378835
5125526
7110907
8454058
6953258
3928110
1631007
4014090
6547914
1152459
4856668
5073864
2481576
637309
9883091
8736024
3106048
1089626
2705235
3490606
9242672
2539856
4394409
2836084
2311137
1073679
4737380
6965289
3708838
4762680
7681435
5998610
5781118
4677637
5960491
8739145
9015246
8878338
7641987
1950312
4107851
4029350
6606459
3829457
9431968
3346962
1607687
7609946
7313990
6585443
9630289
3255975
3903563
7279791
2568729
3331853
5943920
4033148
9698112
9514881
888835
3607321
8653487
542400
2638129
1663477
2366511
2183830
3058482
5125373
4633145
6869041
7278524
453320
7208028
8179959
797980
8251924
9015545
7827933
4508337
7327993
3775750
9416996
1884984
5298153
1724700
940497
9005908
365406
8838437
5466529
8370856
6360277
3000909
3358388
4763533
8619081
6787283
6576885
3945459
227706
9100749
6359238
1069600
2976994
671407
8649259
6233255
8047122
6401647
7971276
597735
3876310
7386760
5245534
2840578
4365171
9357818
853241
8796698
775057
6633470
973853
6194435
4739638
7822770
1307477
8433944
3301247
8768624
713323
599192
7379712
2215487
3640384
9161506
6879345
8949240
4680310
5738945
1113359
5040471
8708123
7836996
8399868
6845920
8513981
1056145
9991282
944299
5882394
169208
5804001
7810991
3000928
7841905
7720751
6685911
4629968
650575
8474492
4498121
6109739
2405704
7854984
1982829
9028150
299097
1435011
4531914
663437
5316629
963370
5133726
3042676
872432
3754086
5412408
1191201
9670696
6606881
6732630
5788317
2612350
4031584
2746345
3920850
4093048
7541706
771856
2270488
9633286
5727542
5306846
1291924
2083608
1808151
5478434
5629348
9077013
1200040
4760386
30717
7267886
364447
6998482
7609613
2392031
2854997
5552180
4230817
9476193
1800836
3112023
5486963
1686080
7895857
1980246
5854761
3118478
6281271
6697845
2847897
8836018
1180845
5610444
4209776
1480211
9594256
1458321
4541882
1450330
1960978
4441407
9714224
6037525
6038235
3861003
5650179
6825454
6466417
8166062
4325296
796913
3185711
2316705
5821545
1944773
5619027
2373649
5341674
6244771
2606957
3625098
3570657
1168151
9219322
113599
609661
330059
8175378
2241540
4161262
4238939
8068032
8472577
5704026
234850
3946727
3454692
8903644
6521413
5827777
6651790
8847933
7692718
8035173
6900563
6637264
3961732
367133
7508254
9824760
7956016
6104518
9303419
2387649
9531126
9845358
6135866
1904574
8897156
2648685
7106619
1633623
1457304
5748248
5788001
156206
1474665
277464
3398317
8261709
1264489
7731848
3062494
7827008
5262828
1612940
4887324
5894520
8865899
5587087
6990693
1034653
5144699
97245
6841501
5824964
4158067
8461186
1873990
4227632
8429336
5294456
3074476
141252
7465143
2916477
6678932
5383695
5963087
9813256
3672747
5071077
9838273
666362
8071823
8215017
5839002
9377871
5554331
5012236
8829320
8929186
7254136
7325571
6620685
9953562
5701473
9670487
663654
6259845
9297438
8702808
1694325
9515642
2705858
2045764
5912163
9716040
2254766
5916365
9709081
8338844
8737388
9043305
7216240
2866443
704984
9516992
7074881
5637459
5115556
7863104
4052810
4444970
4969431
6145508
2782284
4730825
812872
1241767
4996733
1586106
5833113
1299525
3537592
604438
3436151
3997332
8548491
3690055
2621396
2652369
9887879
6547211
5720524
375532
6269758
3637855
9679598
7440385
1383127
5551071
2872847
7058157
8260877
2074504
8820438
6066085
8375617
9810655
4568279
6828373
4305180
6433030
6382284
4313422
3799801
6944608
9305033
1376484
6280782
9565184
8436387
6691783
66478
4681253
3105079
2143965
282107
4855980
5799046
7830074
42260
8134132
7187901
4424430
3671432
1105309
6316287
9102740
51273
7628916
3066993
6425967
6084254
6016772
2074283
2550076
3604606
4881325
135369
7000898
7499791
2613587
8597748
4125190
9221229
7390
2819260
8011151
590127
6606792
9265999
6523588
2348892
3962689
3191311
8322569
7253388
777921
432132
6068379
5065323
6758382
7337008
5742631
6289251
3358941
7887904
9790487
9048393
5349356
4148924
4182497
3829414
3268308
9551155
9285965
4918064
9800885
2391982
8152269
1240605
2239525
3730299
3339585
3582123
5805144
4199478
1506563
6567984
1295028
1182360
8729128
4206115
198870
5225336
9525574
2209449
1608564
6043716
2062224
9910743
7480981
8346155
2861406
9213506
2463310
1305665
7909921
4450767
5085684
1590071
3366538
1052982
6721913
5999589
4575855
2514492
503330
975744
7336142
6864267
3379519
6338314
2008174
8835198
8049473
1270200
3373138
7483570
2667462
7935078
3243872
7532862
2883380
1894366
6109256
4086081
7223491
7532249
4486369
6169585
7428588
121557
8956844
7024901
1838235
3208895
7629154
3184579
4973984
5839398
6265304
6932000
5435405
848071
2072483
7891478
3786484
9478291
2815621
9905315
3242218
2128311
9158180
1685660
3959481
4052213
2735577
